accion 0
nodo: x_prime valores: S0  S1  S2  S3  S4  S5  S6  S7  S8  S9  S10  S11  S12  S13  S14  S15  S16  S17  S18  S19  
padre: x valores: S0  S1  S2  S3  S4  S5  S6  S7  S8  S9  S10  S11  S12  S13  S14  S15  S16  S17  S18  S19  
0.008  0.0  0.0  0.0  0.0  0.0  0.0  0.0  0.0  0.0  0.0  0.0  0.0  0.0  0.0  0.0  0.0  0.0  0.0  0.0  
0.992  0.0  0.0  0.0  0.0  0.0  0.0  0.0  0.0  0.0  0.0  0.0  0.0  0.0  0.0  0.0  0.0  0.0  0.0  0.0  
0.0  1.0  0.009  0.0  0.0  0.0  0.0  0.0  0.0  0.0  0.0  0.0  0.0  0.0  0.0  0.0  0.0  0.0  0.0  0.0  
0.0  0.0  0.965  0.009  0.0  0.0  0.0  0.0  0.0  0.0  0.0  0.0  0.0  0.0  0.0  0.0  0.0  0.0  0.0  0.0  
0.0  0.0  0.026  0.99  0.019  0.0  0.0  0.0  0.0  0.0  0.0  0.0  0.0  0.0  0.0  0.0  0.0  0.0  0.0  0.0  
0.0  0.0  0.0  0.0  0.981  0.0  0.0  0.0  0.0  0.0  0.0  0.0  0.0  0.0  0.0  0.0  0.0  0.0  0.0  0.0  
0.0  0.0  0.0  0.0  0.0  1.0  0.0  0.0  0.0  0.0  0.0  0.0  0.0  0.0  0.0  0.0  0.0  0.0  0.0  0.0  
0.0  0.0  0.0  0.0  0.0  0.0  1.0  0.0  0.0  0.0  0.0  0.0  0.0  0.0  0.0  0.0  0.0  0.0  0.0  0.0  
0.0  0.0  0.0  0.0  0.0  0.0  0.0  1.0  0.011  0.0  0.0  0.0  0.0  0.0  0.0  0.0  0.0  0.0  0.0  0.0  
0.0  0.0  0.0  0.0  0.0  0.0  0.0  0.0  0.989  0.0  0.0  0.0  0.0  0.0  0.0  0.0  0.0  0.0  0.0  0.0  
0.0  0.0  0.0  0.0  0.0  0.0  0.0  0.0  0.0  1.0  0.018  0.0  0.0  0.0  0.0  0.0  0.0  0.0  0.0  0.0  
0.0  0.0  0.0  0.0  0.0  0.0  0.0  0.0  0.0  0.0  0.982  0.0  0.0  0.0  0.0  0.0  0.0  0.0  0.0  0.0  
0.0  0.0  0.0  0.0  0.0  0.0  0.0  0.0  0.0  0.0  0.0  1.0  0.0  0.0  0.0  0.0  0.0  0.0  0.0  0.0  
0.0  0.0  0.0  0.0  0.0  0.0  0.0  0.0  0.0  0.0  0.0  0.0  1.0  0.0  0.0  0.0  0.0  0.0  0.0  0.0  
0.0  0.0  0.0  0.0  0.0  0.0  0.0  0.0  0.0  0.0  0.0  0.0  0.0  1.0  0.0  0.0  0.0  0.0  0.0  0.0  
0.0  0.0  0.0  0.0  0.0  0.0  0.0  0.0  0.0  0.0  0.0  0.0  0.0  0.0  1.0  0.01  0.0  0.0  0.0  0.0  
0.0  0.0  0.0  0.0  0.0  0.0  0.0  0.0  0.0  0.0  0.0  0.0  0.0  0.0  0.0  0.979  0.022  0.0  0.0  0.0  
0.0  0.0  0.0  0.0  0.0  0.0  0.0  0.0  0.0  0.0  0.0  0.0  0.0  0.0  0.0  0.01  0.955  0.064  0.0  0.0  
0.0  0.0  0.0  0.0  0.0  0.0  0.0  0.0  0.0  0.0  0.0  0.0  0.0  0.0  0.0  0.0  0.022  0.912  0.03  0.0  
0.0  0.0  0.0  0.0  0.0  0.0  0.0  0.0  0.0  0.0  0.0  0.0  0.0  0.0  0.0  0.0  0.0  0.024  0.97  1.0  
nodo: y_prime valores: S0  S1  S2  S3  S4  S5  S6  S7  S8  S9  S10  S11  S12  S13  S14  S15  S16  S17  S18  S19  
padre: y valores: S0  S1  S2  S3  S4  S5  S6  S7  S8  S9  S10  S11  S12  S13  S14  S15  S16  S17  S18  S19  
1.0  0.0  0.0  0.0  0.0  0.0  0.0  0.0  0.0  0.0  0.0  0.0  0.0  0.0  0.0  0.0  0.0  0.0  0.0  0.0  
0.0  1.0  0.0  0.0  0.0  0.0  0.0  0.0  0.0  0.0  0.0  0.0  0.0  0.0  0.0  0.0  0.0  0.0  0.0  0.0  
0.0  0.0  1.0  0.0  0.0  0.0  0.0  0.0  0.0  0.0  0.0  0.0  0.0  0.0  0.0  0.0  0.0  0.0  0.0  0.0  
0.0  0.0  0.0  1.0  0.0  0.0  0.0  0.0  0.0  0.0  0.0  0.0  0.0  0.0  0.0  0.0  0.0  0.0  0.0  0.0  
0.0  0.0  0.0  0.0  1.0  0.0  0.0  0.0  0.0  0.0  0.0  0.0  0.0  0.0  0.0  0.0  0.0  0.0  0.0  0.0  
0.0  0.0  0.0  0.0  0.0  1.0  0.0  0.0  0.0  0.0  0.0  0.0  0.0  0.0  0.0  0.0  0.0  0.0  0.0  0.0  
0.0  0.0  0.0  0.0  0.0  0.0  1.0  0.0  0.0  0.0  0.0  0.0  0.0  0.0  0.0  0.0  0.0  0.0  0.0  0.0  
0.0  0.0  0.0  0.0  0.0  0.0  0.0  1.0  0.0  0.0  0.0  0.0  0.0  0.0  0.0  0.0  0.0  0.0  0.0  0.0  
0.0  0.0  0.0  0.0  0.0  0.0  0.0  0.0  1.0  0.0  0.0  0.0  0.0  0.0  0.0  0.0  0.0  0.0  0.0  0.0  
0.0  0.0  0.0  0.0  0.0  0.0  0.0  0.0  0.0  1.0  0.0  0.0  0.0  0.0  0.0  0.0  0.0  0.0  0.0  0.0  
0.0  0.0  0.0  0.0  0.0  0.0  0.0  0.0  0.0  0.0  1.0  0.0  0.0  0.0  0.0  0.0  0.0  0.0  0.0  0.0  
0.0  0.0  0.0  0.0  0.0  0.0  0.0  0.0  0.0  0.0  0.0  1.0  0.0  0.0  0.0  0.0  0.0  0.0  0.0  0.0  
0.0  0.0  0.0  0.0  0.0  0.0  0.0  0.0  0.0  0.0  0.0  0.0  1.0  0.0  0.0  0.0  0.0  0.0  0.0  0.0  
0.0  0.0  0.0  0.0  0.0  0.0  0.0  0.0  0.0  0.0  0.0  0.0  0.0  1.0  0.0  0.0  0.0  0.0  0.0  0.0  
0.0  0.0  0.0  0.0  0.0  0.0  0.0  0.0  0.0  0.0  0.0  0.0  0.0  0.0  1.0  0.0  0.0  0.0  0.0  0.0  
0.0  0.0  0.0  0.0  0.0  0.0  0.0  0.0  0.0  0.0  0.0  0.0  0.0  0.0  0.0  1.0  0.0  0.0  0.0  0.0  
0.0  0.0  0.0  0.0  0.0  0.0  0.0  0.0  0.0  0.0  0.0  0.0  0.0  0.0  0.0  0.0  1.0  0.0  0.0  0.0  
0.0  0.0  0.0  0.0  0.0  0.0  0.0  0.0  0.0  0.0  0.0  0.0  0.0  0.0  0.0  0.0  0.0  1.0  0.0  0.0  
0.0  0.0  0.0  0.0  0.0  0.0  0.0  0.0  0.0  0.0  0.0  0.0  0.0  0.0  0.0  0.0  0.0  0.0  1.0  0.0  
0.0  0.0  0.0  0.0  0.0  0.0  0.0  0.0  0.0  0.0  0.0  0.0  0.0  0.0  0.0  0.0  0.0  0.0  0.0  1.0  
accion 1
nodo: x_prime valores: S0  S1  S2  S3  S4  S5  S6  S7  S8  S9  S10  S11  S12  S13  S14  S15  S16  S17  S18  S19  
padre: x valores: S0  S1  S2  S3  S4  S5  S6  S7  S8  S9  S10  S11  S12  S13  S14  S15  S16  S17  S18  S19  
0.0  1.0  0.0  0.0  0.0  0.0  0.0  0.0  0.0  0.0  0.0  0.0  0.0  0.0  0.0  0.0  0.0  0.0  0.0  0.0  
0.0  0.0  0.983  0.009  0.0  0.0  0.0  0.0  0.0  0.0  0.0  0.0  0.0  0.0  0.0  0.0  0.0  0.0  0.0  0.0  
0.0  0.0  0.017  0.991  0.0  0.0  0.0  0.0  0.0  0.0  0.0  0.0  0.0  0.0  0.0  0.0  0.0  0.0  0.0  0.0  
0.0  0.0  0.0  0.0  1.0  0.01  0.0  0.0  0.0  0.0  0.0  0.0  0.0  0.0  0.0  0.0  0.0  0.0  0.0  0.0  
0.0  0.0  0.0  0.0  0.0  0.981  0.011  0.0  0.0  0.0  0.0  0.0  0.0  0.0  0.0  0.0  0.0  0.0  0.0  0.0  
0.0  0.0  0.0  0.0  0.0  0.01  0.979  0.0  0.0  0.0  0.0  0.0  0.0  0.0  0.0  0.0  0.0  0.0  0.0  0.0  
0.0  0.0  0.0  0.0  0.0  0.0  0.011  0.981  0.0  0.0  0.0  0.0  0.0  0.0  0.0  0.0  0.0  0.0  0.0  0.0  
0.0  0.0  0.0  0.0  0.0  0.0  0.0  0.019  0.991  0.022  0.0  0.0  0.0  0.0  0.0  0.0  0.0  0.0  0.0  0.0  
0.0  0.0  0.0  0.0  0.0  0.0  0.0  0.0  0.009  0.967  0.0  0.0  0.0  0.0  0.0  0.0  0.0  0.0  0.0  0.0  
0.0  0.0  0.0  0.0  0.0  0.0  0.0  0.0  0.0  0.011  0.983  0.0  0.0  0.0  0.0  0.0  0.0  0.0  0.0  0.0  
0.0  0.0  0.0  0.0  0.0  0.0  0.0  0.0  0.0  0.0  0.017  1.0  0.0  0.0  0.0  0.0  0.0  0.0  0.0  0.0  
0.0  0.0  0.0  0.0  0.0  0.0  0.0  0.0  0.0  0.0  0.0  0.0  1.0  0.0  0.0  0.0  0.0  0.0  0.0  0.0  
0.0  0.0  0.0  0.0  0.0  0.0  0.0  0.0  0.0  0.0  0.0  0.0  0.0  1.0  0.0  0.0  0.0  0.0  0.0  0.0  
0.0  0.0  0.0  0.0  0.0  0.0  0.0  0.0  0.0  0.0  0.0  0.0  0.0  0.0  1.0  0.0  0.0  0.0  0.0  0.0  
0.0  0.0  0.0  0.0  0.0  0.0  0.0  0.0  0.0  0.0  0.0  0.0  0.0  0.0  0.0  0.978  0.0  0.0  0.0  0.0  
0.0  0.0  0.0  0.0  0.0  0.0  0.0  0.0  0.0  0.0  0.0  0.0  0.0  0.0  0.0  0.022  0.979  0.0  0.0  0.0  
0.0  0.0  0.0  0.0  0.0  0.0  0.0  0.0  0.0  0.0  0.0  0.0  0.0  0.0  0.0  0.0  0.021  0.967  0.016  0.0  
0.0  0.0  0.0  0.0  0.0  0.0  0.0  0.0  0.0  0.0  0.0  0.0  0.0  0.0  0.0  0.0  0.0  0.033  0.959  0.0  
0.0  0.0  0.0  0.0  0.0  0.0  0.0  0.0  0.0  0.0  0.0  0.0  0.0  0.0  0.0  0.0  0.0  0.0  0.025  0.99  
0.0  0.0  0.0  0.0  0.0  0.0  0.0  0.0  0.0  0.0  0.0  0.0  0.0  0.0  0.0  0.0  0.0  0.0  0.0  0.01  
nodo: y_prime valores: S0  S1  S2  S3  S4  S5  S6  S7  S8  S9  S10  S11  S12  S13  S14  S15  S16  S17  S18  S19  
padre: y valores: S0  S1  S2  S3  S4  S5  S6  S7  S8  S9  S10  S11  S12  S13  S14  S15  S16  S17  S18  S19  
1.0  0.0  0.0  0.0  0.0  0.0  0.0  0.0  0.0  0.0  0.0  0.0  0.0  0.0  0.0  0.0  0.0  0.0  0.0  0.0  
0.0  1.0  0.0  0.0  0.0  0.0  0.0  0.0  0.0  0.0  0.0  0.0  0.0  0.0  0.0  0.0  0.0  0.0  0.0  0.0  
0.0  0.0  1.0  0.0  0.0  0.0  0.0  0.0  0.0  0.0  0.0  0.0  0.0  0.0  0.0  0.0  0.0  0.0  0.0  0.0  
0.0  0.0  0.0  1.0  0.0  0.0  0.0  0.0  0.0  0.0  0.0  0.0  0.0  0.0  0.0  0.0  0.0  0.0  0.0  0.0  
0.0  0.0  0.0  0.0  1.0  0.0  0.0  0.0  0.0  0.0  0.0  0.0  0.0  0.0  0.0  0.0  0.0  0.0  0.0  0.0  
0.0  0.0  0.0  0.0  0.0  1.0  0.0  0.0  0.0  0.0  0.0  0.0  0.0  0.0  0.0  0.0  0.0  0.0  0.0  0.0  
0.0  0.0  0.0  0.0  0.0  0.0  1.0  0.0  0.0  0.0  0.0  0.0  0.0  0.0  0.0  0.0  0.0  0.0  0.0  0.0  
0.0  0.0  0.0  0.0  0.0  0.0  0.0  1.0  0.0  0.0  0.0  0.0  0.0  0.0  0.0  0.0  0.0  0.0  0.0  0.0  
0.0  0.0  0.0  0.0  0.0  0.0  0.0  0.0  1.0  0.0  0.0  0.0  0.0  0.0  0.0  0.0  0.0  0.0  0.0  0.0  
0.0  0.0  0.0  0.0  0.0  0.0  0.0  0.0  0.0  1.0  0.0  0.0  0.0  0.0  0.0  0.0  0.0  0.0  0.0  0.0  
0.0  0.0  0.0  0.0  0.0  0.0  0.0  0.0  0.0  0.0  1.0  0.0  0.0  0.0  0.0  0.0  0.0  0.0  0.0  0.0  
0.0  0.0  0.0  0.0  0.0  0.0  0.0  0.0  0.0  0.0  0.0  1.0  0.0  0.0  0.0  0.0  0.0  0.0  0.0  0.0  
0.0  0.0  0.0  0.0  0.0  0.0  0.0  0.0  0.0  0.0  0.0  0.0  1.0  0.0  0.0  0.0  0.0  0.0  0.0  0.0  
0.0  0.0  0.0  0.0  0.0  0.0  0.0  0.0  0.0  0.0  0.0  0.0  0.0  1.0  0.0  0.0  0.0  0.0  0.0  0.0  
0.0  0.0  0.0  0.0  0.0  0.0  0.0  0.0  0.0  0.0  0.0  0.0  0.0  0.0  1.0  0.0  0.0  0.0  0.0  0.0  
0.0  0.0  0.0  0.0  0.0  0.0  0.0  0.0  0.0  0.0  0.0  0.0  0.0  0.0  0.0  1.0  0.0  0.0  0.0  0.0  
0.0  0.0  0.0  0.0  0.0  0.0  0.0  0.0  0.0  0.0  0.0  0.0  0.0  0.0  0.0  0.0  1.0  0.0  0.0  0.0  
0.0  0.0  0.0  0.0  0.0  0.0  0.0  0.0  0.0  0.0  0.0  0.0  0.0  0.0  0.0  0.0  0.0  1.0  0.0  0.0  
0.0  0.0  0.0  0.0  0.0  0.0  0.0  0.0  0.0  0.0  0.0  0.0  0.0  0.0  0.0  0.0  0.0  0.0  1.0  0.0  
0.0  0.0  0.0  0.0  0.0  0.0  0.0  0.0  0.0  0.0  0.0  0.0  0.0  0.0  0.0  0.0  0.0  0.0  0.0  1.0  
accion 2
nodo: x_prime valores: S0  S1  S2  S3  S4  S5  S6  S7  S8  S9  S10  S11  S12  S13  S14  S15  S16  S17  S18  S19  
padre: x valores: S0  S1  S2  S3  S4  S5  S6  S7  S8  S9  S10  S11  S12  S13  S14  S15  S16  S17  S18  S19  
1.0  0.0  0.0  0.0  0.0  0.0  0.0  0.0  0.0  0.0  0.0  0.0  0.0  0.0  0.0  0.0  0.0  0.0  0.0  0.0  
0.0  1.0  0.0  0.0  0.0  0.0  0.0  0.0  0.0  0.0  0.0  0.0  0.0  0.0  0.0  0.0  0.0  0.0  0.0  0.0  
0.0  0.0  1.0  0.0  0.0  0.0  0.0  0.0  0.0  0.0  0.0  0.0  0.0  0.0  0.0  0.0  0.0  0.0  0.0  0.0  
0.0  0.0  0.0  1.0  0.0  0.0  0.0  0.0  0.0  0.0  0.0  0.0  0.0  0.0  0.0  0.0  0.0  0.0  0.0  0.0  
0.0  0.0  0.0  0.0  1.0  0.0  0.0  0.0  0.0  0.0  0.0  0.0  0.0  0.0  0.0  0.0  0.0  0.0  0.0  0.0  
0.0  0.0  0.0  0.0  0.0  1.0  0.0  0.0  0.0  0.0  0.0  0.0  0.0  0.0  0.0  0.0  0.0  0.0  0.0  0.0  
0.0  0.0  0.0  0.0  0.0  0.0  1.0  0.0  0.0  0.0  0.0  0.0  0.0  0.0  0.0  0.0  0.0  0.0  0.0  0.0  
0.0  0.0  0.0  0.0  0.0  0.0  0.0  1.0  0.0  0.0  0.0  0.0  0.0  0.0  0.0  0.0  0.0  0.0  0.0  0.0  
0.0  0.0  0.0  0.0  0.0  0.0  0.0  0.0  1.0  0.0  0.0  0.0  0.0  0.0  0.0  0.0  0.0  0.0  0.0  0.0  
0.0  0.0  0.0  0.0  0.0  0.0  0.0  0.0  0.0  1.0  0.0  0.0  0.0  0.0  0.0  0.0  0.0  0.0  0.0  0.0  
0.0  0.0  0.0  0.0  0.0  0.0  0.0  0.0  0.0  0.0  1.0  0.0  0.0  0.0  0.0  0.0  0.0  0.0  0.0  0.0  
0.0  0.0  0.0  0.0  0.0  0.0  0.0  0.0  0.0  0.0  0.0  1.0  0.0  0.0  0.0  0.0  0.0  0.0  0.0  0.0  
0.0  0.0  0.0  0.0  0.0  0.0  0.0  0.0  0.0  0.0  0.0  0.0  1.0  0.0  0.0  0.0  0.0  0.0  0.0  0.0  
0.0  0.0  0.0  0.0  0.0  0.0  0.0  0.0  0.0  0.0  0.0  0.0  0.0  1.0  0.0  0.0  0.0  0.0  0.0  0.0  
0.0  0.0  0.0  0.0  0.0  0.0  0.0  0.0  0.0  0.0  0.0  0.0  0.0  0.0  1.0  0.0  0.0  0.0  0.0  0.0  
0.0  0.0  0.0  0.0  0.0  0.0  0.0  0.0  0.0  0.0  0.0  0.0  0.0  0.0  0.0  1.0  0.0  0.0  0.0  0.0  
0.0  0.0  0.0  0.0  0.0  0.0  0.0  0.0  0.0  0.0  0.0  0.0  0.0  0.0  0.0  0.0  1.0  0.0  0.0  0.0  
0.0  0.0  0.0  0.0  0.0  0.0  0.0  0.0  0.0  0.0  0.0  0.0  0.0  0.0  0.0  0.0  0.0  1.0  0.0  0.0  
0.0  0.0  0.0  0.0  0.0  0.0  0.0  0.0  0.0  0.0  0.0  0.0  0.0  0.0  0.0  0.0  0.0  0.0  1.0  0.0  
0.0  0.0  0.0  0.0  0.0  0.0  0.0  0.0  0.0  0.0  0.0  0.0  0.0  0.0  0.0  0.0  0.0  0.0  0.0  1.0  
nodo: y_prime valores: S0  S1  S2  S3  S4  S5  S6  S7  S8  S9  S10  S11  S12  S13  S14  S15  S16  S17  S18  S19  
padre: y valores: S0  S1  S2  S3  S4  S5  S6  S7  S8  S9  S10  S11  S12  S13  S14  S15  S16  S17  S18  S19  
0.015  0.0  0.0  0.0  0.0  0.0  0.0  0.0  0.0  0.0  0.0  0.0  0.0  0.0  0.0  0.0  0.0  0.0  0.0  0.0  
0.984  0.016  0.0  0.0  0.0  0.0  0.0  0.0  0.0  0.0  0.0  0.0  0.0  0.0  0.0  0.0  0.0  0.0  0.0  0.0  
0.0  0.976  0.0  0.0  0.0  0.0  0.0  0.0  0.0  0.0  0.0  0.0  0.0  0.0  0.0  0.0  0.0  0.0  0.0  0.0  
0.0  0.008  1.0  0.029  0.0  0.0  0.0  0.0  0.0  0.0  0.0  0.0  0.0  0.0  0.0  0.0  0.0  0.0  0.0  0.0  
0.0  0.0  0.0  0.961  0.0  0.0  0.0  0.0  0.0  0.0  0.0  0.0  0.0  0.0  0.0  0.0  0.0  0.0  0.0  0.0  
0.0  0.0  0.0  0.01  0.991  0.0  0.0  0.0  0.0  0.0  0.0  0.0  0.0  0.0  0.0  0.0  0.0  0.0  0.0  0.0  
0.0  0.0  0.0  0.0  0.009  1.0  0.01  0.0  0.0  0.0  0.0  0.0  0.0  0.0  0.0  0.0  0.0  0.0  0.0  0.0  
0.0  0.0  0.0  0.0  0.0  0.0  0.99  0.018  0.0  0.0  0.0  0.0  0.0  0.0  0.0  0.0  0.0  0.0  0.0  0.0  
0.0  0.0  0.0  0.0  0.0  0.0  0.0  0.982  0.017  0.0  0.0  0.0  0.0  0.0  0.0  0.0  0.0  0.0  0.0  0.0  
0.0  0.0  0.0  0.0  0.0  0.0  0.0  0.0  0.966  0.0  0.0  0.0  0.0  0.0  0.0  0.0  0.0  0.0  0.0  0.0  
0.0  0.0  0.0  0.0  0.0  0.0  0.0  0.0  0.017  1.0  0.008  0.0  0.0  0.0  0.0  0.0  0.0  0.0  0.0  0.0  
0.0  0.0  0.0  0.0  0.0  0.0  0.0  0.0  0.0  0.0  0.991  0.02  0.0  0.0  0.0  0.0  0.0  0.0  0.0  0.0  
0.0  0.0  0.0  0.0  0.0  0.0  0.0  0.0  0.0  0.0  0.0  0.98  0.021  0.0  0.0  0.0  0.0  0.0  0.0  0.0  
0.0  0.0  0.0  0.0  0.0  0.0  0.0  0.0  0.0  0.0  0.0  0.0  0.979  0.0  0.0  0.0  0.0  0.0  0.0  0.0  
0.0  0.0  0.0  0.0  0.0  0.0  0.0  0.0  0.0  0.0  0.0  0.0  0.0  1.0  0.009  0.0  0.0  0.0  0.0  0.0  
0.0  0.0  0.0  0.0  0.0  0.0  0.0  0.0  0.0  0.0  0.0  0.0  0.0  0.0  0.991  0.0  0.0  0.0  0.0  0.0  
0.0  0.0  0.0  0.0  0.0  0.0  0.0  0.0  0.0  0.0  0.0  0.0  0.0  0.0  0.0  1.0  0.0  0.0  0.0  0.0  
0.0  0.0  0.0  0.0  0.0  0.0  0.0  0.0  0.0  0.0  0.0  0.0  0.0  0.0  0.0  0.0  1.0  0.022  0.0  0.0  
0.0  0.0  0.0  0.0  0.0  0.0  0.0  0.0  0.0  0.0  0.0  0.0  0.0  0.0  0.0  0.0  0.0  0.978  0.021  0.0  
0.0  0.0  0.0  0.0  0.0  0.0  0.0  0.0  0.0  0.0  0.0  0.0  0.0  0.0  0.0  0.0  0.0  0.0  0.979  1.0  
accion 3
nodo: x_prime valores: S0  S1  S2  S3  S4  S5  S6  S7  S8  S9  S10  S11  S12  S13  S14  S15  S16  S17  S18  S19  
padre: x valores: S0  S1  S2  S3  S4  S5  S6  S7  S8  S9  S10  S11  S12  S13  S14  S15  S16  S17  S18  S19  
1.0  0.0  0.0  0.0  0.0  0.0  0.0  0.0  0.0  0.0  0.0  0.0  0.0  0.0  0.0  0.0  0.0  0.0  0.0  0.0  
0.0  1.0  0.0  0.0  0.0  0.0  0.0  0.0  0.0  0.0  0.0  0.0  0.0  0.0  0.0  0.0  0.0  0.0  0.0  0.0  
0.0  0.0  1.0  0.0  0.0  0.0  0.0  0.0  0.0  0.0  0.0  0.0  0.0  0.0  0.0  0.0  0.0  0.0  0.0  0.0  
0.0  0.0  0.0  1.0  0.0  0.0  0.0  0.0  0.0  0.0  0.0  0.0  0.0  0.0  0.0  0.0  0.0  0.0  0.0  0.0  
0.0  0.0  0.0  0.0  1.0  0.0  0.0  0.0  0.0  0.0  0.0  0.0  0.0  0.0  0.0  0.0  0.0  0.0  0.0  0.0  
0.0  0.0  0.0  0.0  0.0  1.0  0.0  0.0  0.0  0.0  0.0  0.0  0.0  0.0  0.0  0.0  0.0  0.0  0.0  0.0  
0.0  0.0  0.0  0.0  0.0  0.0  1.0  0.0  0.0  0.0  0.0  0.0  0.0  0.0  0.0  0.0  0.0  0.0  0.0  0.0  
0.0  0.0  0.0  0.0  0.0  0.0  0.0  1.0  0.0  0.0  0.0  0.0  0.0  0.0  0.0  0.0  0.0  0.0  0.0  0.0  
0.0  0.0  0.0  0.0  0.0  0.0  0.0  0.0  1.0  0.0  0.0  0.0  0.0  0.0  0.0  0.0  0.0  0.0  0.0  0.0  
0.0  0.0  0.0  0.0  0.0  0.0  0.0  0.0  0.0  1.0  0.0  0.0  0.0  0.0  0.0  0.0  0.0  0.0  0.0  0.0  
0.0  0.0  0.0  0.0  0.0  0.0  0.0  0.0  0.0  0.0  1.0  0.0  0.0  0.0  0.0  0.0  0.0  0.0  0.0  0.0  
0.0  0.0  0.0  0.0  0.0  0.0  0.0  0.0  0.0  0.0  0.0  1.0  0.0  0.0  0.0  0.0  0.0  0.0  0.0  0.0  
0.0  0.0  0.0  0.0  0.0  0.0  0.0  0.0  0.0  0.0  0.0  0.0  1.0  0.0  0.0  0.0  0.0  0.0  0.0  0.0  
0.0  0.0  0.0  0.0  0.0  0.0  0.0  0.0  0.0  0.0  0.0  0.0  0.0  1.0  0.0  0.0  0.0  0.0  0.0  0.0  
0.0  0.0  0.0  0.0  0.0  0.0  0.0  0.0  0.0  0.0  0.0  0.0  0.0  0.0  1.0  0.0  0.0  0.0  0.0  0.0  
0.0  0.0  0.0  0.0  0.0  0.0  0.0  0.0  0.0  0.0  0.0  0.0  0.0  0.0  0.0  1.0  0.0  0.0  0.0  0.0  
0.0  0.0  0.0  0.0  0.0  0.0  0.0  0.0  0.0  0.0  0.0  0.0  0.0  0.0  0.0  0.0  1.0  0.0  0.0  0.0  
0.0  0.0  0.0  0.0  0.0  0.0  0.0  0.0  0.0  0.0  0.0  0.0  0.0  0.0  0.0  0.0  0.0  1.0  0.0  0.0  
0.0  0.0  0.0  0.0  0.0  0.0  0.0  0.0  0.0  0.0  0.0  0.0  0.0  0.0  0.0  0.0  0.0  0.0  1.0  0.0  
0.0  0.0  0.0  0.0  0.0  0.0  0.0  0.0  0.0  0.0  0.0  0.0  0.0  0.0  0.0  0.0  0.0  0.0  0.0  1.0  
nodo: y_prime valores: S0  S1  S2  S3  S4  S5  S6  S7  S8  S9  S10  S11  S12  S13  S14  S15  S16  S17  S18  S19  
padre: y valores: S0  S1  S2  S3  S4  S5  S6  S7  S8  S9  S10  S11  S12  S13  S14  S15  S16  S17  S18  S19  
1.0  1.0  0.0  0.0  0.0  0.0  0.0  0.0  0.0  0.0  0.0  0.0  0.0  0.0  0.0  0.0  0.0  0.0  0.0  0.0  
0.0  0.0  1.0  0.0  0.0  0.0  0.0  0.0  0.0  0.0  0.0  0.0  0.0  0.0  0.0  0.0  0.0  0.0  0.0  0.0  
0.0  0.0  0.0  0.983  0.0  0.0  0.0  0.0  0.0  0.0  0.0  0.0  0.0  0.0  0.0  0.0  0.0  0.0  0.0  0.0  
0.0  0.0  0.0  0.017  0.98  0.009  0.0  0.0  0.0  0.0  0.0  0.0  0.0  0.0  0.0  0.0  0.0  0.0  0.0  0.0  
0.0  0.0  0.0  0.0  0.02  0.965  0.029  0.0  0.0  0.0  0.0  0.0  0.0  0.0  0.0  0.0  0.0  0.0  0.0  0.0  
0.0  0.0  0.0  0.0  0.0  0.026  0.951  0.02  0.0  0.0  0.0  0.0  0.0  0.0  0.0  0.0  0.0  0.0  0.0  0.0  
0.0  0.0  0.0  0.0  0.0  0.0  0.02  0.941  0.009  0.0  0.0  0.0  0.0  0.0  0.0  0.0  0.0  0.0  0.0  0.0  
0.0  0.0  0.0  0.0  0.0  0.0  0.0  0.039  0.991  0.008  0.0  0.0  0.0  0.0  0.0  0.0  0.0  0.0  0.0  0.0  
0.0  0.0  0.0  0.0  0.0  0.0  0.0  0.0  0.0  0.975  0.0  0.0  0.0  0.0  0.0  0.0  0.0  0.0  0.0  0.0  
0.0  0.0  0.0  0.0  0.0  0.0  0.0  0.0  0.0  0.017  0.981  0.008  0.0  0.0  0.0  0.0  0.0  0.0  0.0  0.0  
0.0  0.0  0.0  0.0  0.0  0.0  0.0  0.0  0.0  0.0  0.019  0.983  0.0  0.0  0.0  0.0  0.0  0.0  0.0  0.0  
0.0  0.0  0.0  0.0  0.0  0.0  0.0  0.0  0.0  0.0  0.0  0.008  0.99  0.0  0.0  0.0  0.0  0.0  0.0  0.0  
0.0  0.0  0.0  0.0  0.0  0.0  0.0  0.0  0.0  0.0  0.0  0.0  0.01  0.989  0.011  0.0  0.0  0.0  0.0  0.0  
0.0  0.0  0.0  0.0  0.0  0.0  0.0  0.0  0.0  0.0  0.0  0.0  0.0  0.011  0.979  0.0  0.0  0.0  0.0  0.0  
0.0  0.0  0.0  0.0  0.0  0.0  0.0  0.0  0.0  0.0  0.0  0.0  0.0  0.0  0.011  1.0  0.0  0.0  0.0  0.0  
0.0  0.0  0.0  0.0  0.0  0.0  0.0  0.0  0.0  0.0  0.0  0.0  0.0  0.0  0.0  0.0  1.0  0.0  0.0  0.0  
0.0  0.0  0.0  0.0  0.0  0.0  0.0  0.0  0.0  0.0  0.0  0.0  0.0  0.0  0.0  0.0  0.0  0.968  0.0  0.0  
0.0  0.0  0.0  0.0  0.0  0.0  0.0  0.0  0.0  0.0  0.0  0.0  0.0  0.0  0.0  0.0  0.0  0.032  0.989  0.0  
0.0  0.0  0.0  0.0  0.0  0.0  0.0  0.0  0.0  0.0  0.0  0.0  0.0  0.0  0.0  0.0  0.0  0.0  0.011  0.989  
0.0  0.0  0.0  0.0  0.0  0.0  0.0  0.0  0.0  0.0  0.0  0.0  0.0  0.0  0.0  0.0  0.0  0.0  0.0  0.011  
accion 4
nodo: x_prime valores: S0  S1  S2  S3  S4  S5  S6  S7  S8  S9  S10  S11  S12  S13  S14  S15  S16  S17  S18  S19  
padre: x valores: S0  S1  S2  S3  S4  S5  S6  S7  S8  S9  S10  S11  S12  S13  S14  S15  S16  S17  S18  S19  
1.0  0.0  0.0  0.0  0.0  0.0  0.0  0.0  0.0  0.0  0.0  0.0  0.0  0.0  0.0  0.0  0.0  0.0  0.0  0.0  
0.0  1.0  0.0  0.0  0.0  0.0  0.0  0.0  0.0  0.0  0.0  0.0  0.0  0.0  0.0  0.0  0.0  0.0  0.0  0.0  
0.0  0.0  1.0  0.0  0.0  0.0  0.0  0.0  0.0  0.0  0.0  0.0  0.0  0.0  0.0  0.0  0.0  0.0  0.0  0.0  
0.0  0.0  0.0  1.0  0.0  0.0  0.0  0.0  0.0  0.0  0.0  0.0  0.0  0.0  0.0  0.0  0.0  0.0  0.0  0.0  
0.0  0.0  0.0  0.0  1.0  0.0  0.0  0.0  0.0  0.0  0.0  0.0  0.0  0.0  0.0  0.0  0.0  0.0  0.0  0.0  
0.0  0.0  0.0  0.0  0.0  1.0  0.0  0.0  0.0  0.0  0.0  0.0  0.0  0.0  0.0  0.0  0.0  0.0  0.0  0.0  
0.0  0.0  0.0  0.0  0.0  0.0  1.0  0.0  0.0  0.0  0.0  0.0  0.0  0.0  0.0  0.0  0.0  0.0  0.0  0.0  
0.0  0.0  0.0  0.0  0.0  0.0  0.0  1.0  0.0  0.0  0.0  0.0  0.0  0.0  0.0  0.0  0.0  0.0  0.0  0.0  
0.0  0.0  0.0  0.0  0.0  0.0  0.0  0.0  1.0  0.0  0.0  0.0  0.0  0.0  0.0  0.0  0.0  0.0  0.0  0.0  
0.0  0.0  0.0  0.0  0.0  0.0  0.0  0.0  0.0  1.0  0.0  0.0  0.0  0.0  0.0  0.0  0.0  0.0  0.0  0.0  
0.0  0.0  0.0  0.0  0.0  0.0  0.0  0.0  0.0  0.0  1.0  0.0  0.0  0.0  0.0  0.0  0.0  0.0  0.0  0.0  
0.0  0.0  0.0  0.0  0.0  0.0  0.0  0.0  0.0  0.0  0.0  1.0  0.0  0.0  0.0  0.0  0.0  0.0  0.0  0.0  
0.0  0.0  0.0  0.0  0.0  0.0  0.0  0.0  0.0  0.0  0.0  0.0  1.0  0.0  0.0  0.0  0.0  0.0  0.0  0.0  
0.0  0.0  0.0  0.0  0.0  0.0  0.0  0.0  0.0  0.0  0.0  0.0  0.0  1.0  0.0  0.0  0.0  0.0  0.0  0.0  
0.0  0.0  0.0  0.0  0.0  0.0  0.0  0.0  0.0  0.0  0.0  0.0  0.0  0.0  1.0  0.0  0.0  0.0  0.0  0.0  
0.0  0.0  0.0  0.0  0.0  0.0  0.0  0.0  0.0  0.0  0.0  0.0  0.0  0.0  0.0  1.0  0.0  0.0  0.0  0.0  
0.0  0.0  0.0  0.0  0.0  0.0  0.0  0.0  0.0  0.0  0.0  0.0  0.0  0.0  0.0  0.0  1.0  0.0  0.0  0.0  
0.0  0.0  0.0  0.0  0.0  0.0  0.0  0.0  0.0  0.0  0.0  0.0  0.0  0.0  0.0  0.0  0.0  1.0  0.0  0.0  
0.0  0.0  0.0  0.0  0.0  0.0  0.0  0.0  0.0  0.0  0.0  0.0  0.0  0.0  0.0  0.0  0.0  0.0  1.0  0.0  
0.0  0.0  0.0  0.0  0.0  0.0  0.0  0.0  0.0  0.0  0.0  0.0  0.0  0.0  0.0  0.0  0.0  0.0  0.0  1.0  
nodo: y_prime valores: S0  S1  S2  S3  S4  S5  S6  S7  S8  S9  S10  S11  S12  S13  S14  S15  S16  S17  S18  S19  
padre: y valores: S0  S1  S2  S3  S4  S5  S6  S7  S8  S9  S10  S11  S12  S13  S14  S15  S16  S17  S18  S19  
1.0  0.0  0.0  0.0  0.0  0.0  0.0  0.0  0.0  0.0  0.0  0.0  0.0  0.0  0.0  0.0  0.0  0.0  0.0  0.0  
0.0  1.0  0.0  0.0  0.0  0.0  0.0  0.0  0.0  0.0  0.0  0.0  0.0  0.0  0.0  0.0  0.0  0.0  0.0  0.0  
0.0  0.0  1.0  0.0  0.0  0.0  0.0  0.0  0.0  0.0  0.0  0.0  0.0  0.0  0.0  0.0  0.0  0.0  0.0  0.0  
0.0  0.0  0.0  1.0  0.0  0.0  0.0  0.0  0.0  0.0  0.0  0.0  0.0  0.0  0.0  0.0  0.0  0.0  0.0  0.0  
0.0  0.0  0.0  0.0  1.0  0.0  0.0  0.0  0.0  0.0  0.0  0.0  0.0  0.0  0.0  0.0  0.0  0.0  0.0  0.0  
0.0  0.0  0.0  0.0  0.0  1.0  0.0  0.0  0.0  0.0  0.0  0.0  0.0  0.0  0.0  0.0  0.0  0.0  0.0  0.0  
0.0  0.0  0.0  0.0  0.0  0.0  1.0  0.0  0.0  0.0  0.0  0.0  0.0  0.0  0.0  0.0  0.0  0.0  0.0  0.0  
0.0  0.0  0.0  0.0  0.0  0.0  0.0  1.0  0.0  0.0  0.0  0.0  0.0  0.0  0.0  0.0  0.0  0.0  0.0  0.0  
0.0  0.0  0.0  0.0  0.0  0.0  0.0  0.0  1.0  0.0  0.0  0.0  0.0  0.0  0.0  0.0  0.0  0.0  0.0  0.0  
0.0  0.0  0.0  0.0  0.0  0.0  0.0  0.0  0.0  1.0  0.0  0.0  0.0  0.0  0.0  0.0  0.0  0.0  0.0  0.0  
0.0  0.0  0.0  0.0  0.0  0.0  0.0  0.0  0.0  0.0  1.0  0.0  0.0  0.0  0.0  0.0  0.0  0.0  0.0  0.0  
0.0  0.0  0.0  0.0  0.0  0.0  0.0  0.0  0.0  0.0  0.0  1.0  0.0  0.0  0.0  0.0  0.0  0.0  0.0  0.0  
0.0  0.0  0.0  0.0  0.0  0.0  0.0  0.0  0.0  0.0  0.0  0.0  1.0  0.0  0.0  0.0  0.0  0.0  0.0  0.0  
0.0  0.0  0.0  0.0  0.0  0.0  0.0  0.0  0.0  0.0  0.0  0.0  0.0  1.0  0.0  0.0  0.0  0.0  0.0  0.0  
0.0  0.0  0.0  0.0  0.0  0.0  0.0  0.0  0.0  0.0  0.0  0.0  0.0  0.0  1.0  0.0  0.0  0.0  0.0  0.0  
0.0  0.0  0.0  0.0  0.0  0.0  0.0  0.0  0.0  0.0  0.0  0.0  0.0  0.0  0.0  1.0  0.0  0.0  0.0  0.0  
0.0  0.0  0.0  0.0  0.0  0.0  0.0  0.0  0.0  0.0  0.0  0.0  0.0  0.0  0.0  0.0  1.0  0.0  0.0  0.0  
0.0  0.0  0.0  0.0  0.0  0.0  0.0  0.0  0.0  0.0  0.0  0.0  0.0  0.0  0.0  0.0  0.0  1.0  0.0  0.0  
0.0  0.0  0.0  0.0  0.0  0.0  0.0  0.0  0.0  0.0  0.0  0.0  0.0  0.0  0.0  0.0  0.0  0.0  1.0  0.0  
0.0  0.0  0.0  0.0  0.0  0.0  0.0  0.0  0.0  0.0  0.0  0.0  0.0  0.0  0.0  0.0  0.0  0.0  0.0  1.0  
reward function
[y: = S0,
 = S1,
 = S2,
 = S3,
 = S4,
 = S5,
 = S6,
 = S7,
 = S8,
 = S9,
 = S10,
 = S11,
 = S12,
 = S13,
 = S14,
 = S15,
 = S16,
 = S17,
 = S18,
 = S19[x: = S0,
 = S1,
 = S2,
 = S3,
 = S4,
 = S5,
 = S6,
 = S7,
 = S8,
 = S9,
 = S10,
 = S11,
 = S12,
 = S13,
 = S14,
 = S15,
 = S16,
 = S17,
 = S18,
 = S19[-300 (40.0)][0 (48.0)][-300 (31.0)][0 (34.0)][0 (28.0)][0 (18.0)][0 (15.0)][0 (9.0)][0 (13.0)][300 (14.0)][0 (18.0)][0 (19.0)][0 (18.0)][0 (19.0)][0 (23.0)][0 (30.0)][0 (31.0)][0 (28.0)][0 (32.0)][-300 (24.0)]][x: = S0,
 = S1,
 = S2,
 = S3,
 = S4,
 = S5,
 = S6,
 = S7,
 = S8,
 = S9,
 = S10,
 = S11,
 = S12,
 = S13,
 = S14,
 = S15,
 = S16,
 = S17,
 = S18,
 = S19[0 (33.0)][0 (48.0)][0 (55.0)][0 (34.0)][0 (35.0)][0 (30.0)][0 (31.0)][-300 (24.0)][0 (28.0)][0 (33.0)][0 (23.0)][0 (26.0)][0 (28.0)][0 (21.0)][0 (28.0)][0 (36.0)][0 (37.0)][0 (35.0)][0 (27.0)][0 (27.0)]][x: = S0,
 = S1,
 = S2,
 = S3,
 = S4,
 = S5,
 = S6,
 = S7,
 = S8,
 = S9,
 = S10,
 = S11,
 = S12,
 = S13,
 = S14,
 = S15,
 = S16,
 = S17,
 = S18,
 = S19[0 (27.0)][0 (39.0)][0 (49.0)][0 (28.0)][0 (22.0)][0 (25.0)][0 (41.0)][0 (39.0)][0 (31.0)][0 (31.0)][-300 (22.0)][0 (32.0)][0 (20.0)][0 (20.0)][-300 (22.0)][0 (25.0)][-300 (20.0)][0 (18.0)][0 (25.0)][0 (17.0)]][x: = S0,
 = S1,
 = S2,
 = S3,
 = S4,
 = S5,
 = S6,
 = S7,
 = S8,
 = S9,
 = S10,
 = S11,
 = S12,
 = S13,
 = S14,
 = S15,
 = S16,
 = S17,
 = S18,
 = S19[0 (21.0)][0 (30.0)][0 (30.0)][0 (34.0)][0 (32.0)][0 (28.0)][0 (45.0)][300 (41.0)][0 (25.0)][0 (31.0)][0 (33.0)][-300 (28.0)][0 (31.0)][0 (21.0)][0 (20.0/2.0)][300 (22.0)][0 (20.0)][0 (12.0)][300 (20.0)][0 (17.0)]][x: = S0,
 = S1,
 = S2,
 = S3,
 = S4,
 = S5,
 = S6,
 = S7,
 = S8,
 = S9,
 = S10,
 = S11,
 = S12,
 = S13,
 = S14,
 = S15,
 = S16,
 = S17,
 = S18,
 = S19[0 (37.0)][0 (51.0)][0 (42.0)][0 (40.0)][0 (29.0)][0 (20.0)][0 (33.0)][0 (33.0)][0 (23.0)][-300 (31.0)][0 (34.0)][0 (25.0)][-300 (30.0)][0 (17.0)][0 (15.0)][300 (18.0)][300 (15.0)][0 (8.0)][0 (17.0)][-300 (13.0)]][0 (515.0/13.0)][x: = S0,
 = S1,
 = S2,
 = S3,
 = S4,
 = S5,
 = S6,
 = S7,
 = S8,
 = S9,
 = S10,
 = S11,
 = S12,
 = S13,
 = S14,
 = S15,
 = S16,
 = S17,
 = S18,
 = S19[0 (23.0)][0 (44.0)][0 (36.0)][0 (40.0)][300 (31.0)][0 (22.0)][0 (15.0)][0 (13.0)][0 (26.0)][0 (25.0)][0 (12.0)][0 (12.0)][0 (14.0)][0 (18.0)][0 (23.0)][0 (35.0)][0 (31.0)][300 (14.0)][0 (19.0)][0 (21.0)]][x: = S0,
 = S1,
 = S2,
 = S3,
 = S4,
 = S5,
 = S6,
 = S7,
 = S8,
 = S9,
 = S10,
 = S11,
 = S12,
 = S13,
 = S14,
 = S15,
 = S16,
 = S17,
 = S18,
 = S19[0 (27.0)][0 (43.0)][0 (37.0)][0 (35.0)][0 (32.0)][0 (20.0)][0 (14.0)][0 (13.0)][300 (31.0)][0 (31.0)][0 (27.0)][0 (30.0)][0 (21.0)][0 (18.0)][0 (13.0)][0 (22.0)][0 (32.0)][0 (29.0)][0 (27.0)][0 (11.0)]][x: = S0,
 = S1,
 = S2,
 = S3,
 = S4,
 = S5,
 = S6,
 = S7,
 = S8,
 = S9,
 = S10,
 = S11,
 = S12,
 = S13,
 = S14,
 = S15,
 = S16,
 = S17,
 = S18,
 = S19[0 (18.0)][0 (33.0)][0 (41.0)][0 (33.0)][0 (34.0)][0 (29.0)][0 (31.0)][0 (30.0)][0 (37.0)][0 (26.0)][300 (24.0)][0 (28.0)][0 (32.0)][0 (21.0)][0 (20.0)][0 (32.0)][300 (23.0)][0 (24.0)][0 (22.0)][0 (9.0)]][x: = S0,
 = S1,
 = S2,
 = S3,
 = S4,
 = S5,
 = S6,
 = S7,
 = S8,
 = S9,
 = S10,
 = S11,
 = S12,
 = S13,
 = S14,
 = S15,
 = S16,
 = S17,
 = S18,
 = S19[0 (14.0)][0 (28.0)][0 (37.0)][-300 (41.0)][0 (30.0)][0 (38.0)][0 (36.0)][0 (36.0)][0 (36.0)][0 (38.0)][0 (27.0)][0 (38.0)][0 (20.0)][300 (26.0/1.0)][-300 (20.0)][0 (19.0)][300 (24.0)][0 (22.0)][0 (19.0)][0 (10.0)]][x: = S0,
 = S1,
 = S2,
 = S3,
 = S4,
 = S5,
 = S6,
 = S7,
 = S8,
 = S9,
 = S10,
 = S11,
 = S12,
 = S13,
 = S14,
 = S15,
 = S16,
 = S17,
 = S18,
 = S19[0 (20.0)][0 (26.0)][0 (22.0)][0 (36.0)][-300 (26.0)][300 (26.0)][0 (30.0)][-300 (25.0)][300 (29.0)][0 (36.0)][0 (39.0)][0 (31.0)][0 (22.0)][0 (24.0)][0 (25.0)][0 (18.0)][0 (23.0/1.0)][0 (15.0)][0 (13.0)][0 (11.0)]][x: = S0,
 = S1,
 = S2,
 = S3,
 = S4,
 = S5,
 = S6,
 = S7,
 = S8,
 = S9,
 = S10,
 = S11,
 = S12,
 = S13,
 = S14,
 = S15,
 = S16,
 = S17,
 = S18,
 = S19[0 (30.0)][0 (26.0)][0 (23.0)][0 (33.0)][-300 (27.0)][0 (26.0)][0 (28.0)][0 (17.0)][0 (31.0)][0 (35.0)][0 (34.0)][0 (33.0)][0 (21.0)][0 (20.0)][0 (25.0)][0 (24.0)][0 (26.0)][0 (36.0)][0 (34.0)][0 (26.0)]][0 (456.0/18.0)][x: = S0,
 = S1,
 = S2,
 = S3,
 = S4,
 = S5,
 = S6,
 = S7,
 = S8,
 = S9,
 = S10,
 = S11,
 = S12,
 = S13,
 = S14,
 = S15,
 = S16,
 = S17,
 = S18,
 = S19[0 (13.0)][0 (15.0)][0 (13.0)][0 (27.0)][0 (26.0)][0 (16.0)][0 (15.0)][0 (9.0)][300 (11.0)][0 (20.0)][0 (38.0)][0 (18.0)][0 (18.0)][300 (27.0)][0 (36.0)][0 (30.0)][0 (22.0)][-300 (40.0)][300 (37.0)][0 (17.0)]][x: = S0,
 = S1,
 = S2,
 = S3,
 = S4,
 = S5,
 = S6,
 = S7,
 = S8,
 = S9,
 = S10,
 = S11,
 = S12,
 = S13,
 = S14,
 = S15,
 = S16,
 = S17,
 = S18,
 = S19[0 (9.0)][0 (12.0)][0 (10.0)][0 (18.0)][0 (19.0)][0 (17.0)][0 (28.0)][0 (28.0)][0 (17.0)][0 (19.0)][300 (38.0)][-300 (33.0)][0 (22.0)][0 (49.0)][0 (34.0)][0 (27.0)][0 (18.0)][0 (35.0)][0 (32.0)][0 (26.0)]][x: = S0,
 = S1,
 = S2,
 = S3,
 = S4,
 = S5,
 = S6,
 = S7,
 = S8,
 = S9,
 = S10,
 = S11,
 = S12,
 = S13,
 = S14,
 = S15,
 = S16,
 = S17,
 = S18,
 = S19[0 (27.0)][0 (16.0)][0 (9.0)][300 (24.0)][0 (23.0)][0 (13.0)][0 (35.0)][0 (45.0)][0 (27.0)][0 (27.0)][0 (27.0)][0 (21.0)][0 (20.0)][0 (38.0)][300 (21.0)][0 (17.0)][0 (18.0)][0 (29.0)][0 (32.0)][0 (19.0)]][x: = S0,
 = S1,
 = S2,
 = S3,
 = S4,
 = S5,
 = S6,
 = S7,
 = S8,
 = S9,
 = S10,
 = S11,
 = S12,
 = S13,
 = S14,
 = S15,
 = S16,
 = S17,
 = S18,
 = S19[0 (18.0)][0 (8.0)][0 (12.0)][0 (20.0)][0 (11.0)][0 (12.0)][0 (20.0)][0 (51.0)][300 (42.0/1.0)][0 (23.0)][0 (22.0)][0 (17.0)][0 (26.0)][0 (29.0)][0 (34.0)][0 (18.0)][0 (14.0)][0 (24.0)][0 (27.0)][-300 (18.0)]][x: = S0,
 = S1,
 = S2,
 = S3,
 = S4,
 = S5,
 = S6,
 = S7,
 = S8,
 = S9,
 = S10,
 = S11,
 = S12,
 = S13,
 = S14,
 = S15,
 = S16,
 = S17,
 = S18,
 = S19[0 (10.0)][0 (9.0)][0 (12.0)][0 (16.0)][0 (14.0)][0 (10.0)][-300 (11.0)][0 (27.0)][0 (18.0)][0 (11.0)][0 (21.0)][-300 (25.0)][0 (38.0)][0 (28.0)][0 (42.0)][0 (34.0)][0 (31.0)][0 (50.0)][0 (33.0)][0 (13.0)]][x: = S0,
 = S1,
 = S2,
 = S3,
 = S4,
 = S5,
 = S6,
 = S7,
 = S8,
 = S9,
 = S10,
 = S11,
 = S12,
 = S13,
 = S14,
 = S15,
 = S16,
 = S17,
 = S18,
 = S19[0 (12.0)][-300 (5.0)][0 (2.0)][0 (8.0)][0 (13.0)][300 (18.0)][-300 (13.0)][0 (20.0)][0 (16.0)][-300 (9.0)][0 (30.0)][0 (27.0)][0 (45.0)][0 (34.0)][0 (31.0)][0 (30.0)][0 (32.0)][300 (38.0)][0 (30.0)][0 (21.0)]][x: = S0,
 = S1,
 = S2,
 = S3,
 = S4,
 = S5,
 = S6,
 = S7,
 = S8,
 = S9,
 = S10,
 = S11,
 = S12,
 = S13,
 = S14,
 = S15,
 = S16,
 = S17,
 = S18,
 = S19[0 (2.0)][0 (1.0)][0 (3.0)][0 (7.0)][0 (16.0)][-300 (31.0)][300 (16.0)][0 (26.0)][0 (20.0)][0 (16.0)][0 (30.0)][0 (17.0)][0 (18.0)][0 (21.0)][0 (30.0)][0 (22.0)][300 (22.0)][0 (20.0/1.0)][0 (30.0)][0 (20.0)]]]
