x	y	a	r
0	0	4	0
0	0	2	0
0	489	2	0
0	991	4	0
0	991	2	0
0	1496	0	0
495	1496	2	0
495	1995	2	0
495	2492	0	0
983	2492	2	0
983	2994	2	0
983	3498	1	0
491	3498	0	0
1003	3498	2	0
1003	3985	0	0
1501	3985	3	0
1501	3472	1	0
1012	3472	2	0
1012	3961	1	0
525	3961	1	0
38	3961	2	0
38	4456	0	300
535	4456	0	0
1026	4456	0	0
1527	4456	1	0
1028	4456	2	0
1028	4948	0	0
1518	4948	1	0
1025	4948	4	0
1025	4948	1	0
525	4948	2	0
525	5446	4	0
525	5446	1	0
39	5446	0	-300
535	5446	0	0
1034	5446	4	0
1034	5446	4	0
1034	5446	4	0
1034	5446	1	0
531	5446	2	0
531	5933	4	0
531	5933	0	0
1036	5933	3	0
1036	5442	4	0
1036	5442	2	0
1036	5948	0	0
1541	5948	4	0
1541	5948	4	0
1541	5948	3	0
1541	5451	4	0
1541	5451	0	0
2036	5451	0	0
2537	5451	1	0
2039	5451	3	0
2039	4946	1	0
1539	4946	3	0
1539	4441	0	0
2028	4441	2	0
2028	4940	1	0
1529	4940	4	0
1529	4940	3	0
1529	4446	2	0
1529	4947	1	0
1042	4947	2	0
1042	5436	1	0
543	5436	4	0
543	5436	2	0
543	5927	0	0
1046	5927	4	0
1046	5927	3	0
1046	5424	4	0
1046	5424	4	0
1046	5424	2	0
1046	5926	4	0
1046	5926	4	0
1046	5926	3	0
1046	5430	4	0
1046	5430	1	0
554	5430	0	0
1052	5430	4	0
1052	5430	2	0
1052	5930	0	0
1551	5930	3	0
1551	5425	0	0
2060	5425	0	0
2545	5425	0	0
3042	5425	3	300
3042	4926	2	0
3042	5428	2	300
3042	5926	0	0
3535	5926	1	0
3037	5926	2	0
3037	6427	0	0
3525	6427	4	0
3525	6427	0	0
4020	6427	0	-300
4530	6427	0	0
5034	6427	2	0
5034	6920	3	0
5034	6424	1	0
4524	6424	3	0
4524	5931	3	0
4524	5427	2	0
4524	5921	3	0
4524	5426	4	0
4524	5426	0	0
5018	5426	3	0
5018	4919	1	0
4525	4919	2	-300
4525	5415	2	0
4525	5921	3	0
4525	5426	3	0
4525	4941	1	-300
4036	4941	3	-300
4036	4445	0	-300
4535	4445	0	0
5021	4445	2	0
5021	4936	0	0
5518	4936	1	0
5021	4936	2	0
5021	5431	3	0
5021	4923	3	0
5021	4432	4	0
5021	4432	2	0
5021	4930	4	0
5021	4930	4	0
5021	4930	1	0
4507	4930	4	-300
4507	4930	1	-300
3998	4930	4	0
3998	4930	3	0
3998	4434	4	0
3998	4434	3	0
3998	3948	3	0
3998	3456	2	0
3998	3952	3	0
3998	3454	1	0
3492	3454	1	-300
2991	3454	4	0
2991	3454	2	0
2991	3947	3	0
2991	3453	3	0
2991	2949	1	300
2496	2949	2	0
2496	3444	2	0
2496	3938	4	0
2496	3938	2	0
2496	4435	1	0
2001	4435	3	0
2001	3942	0	0
2513	3942	4	0
2513	3942	0	0
3005	3942	3	-300
3005	3447	1	-300
2510	3447	0	0
3001	3447	0	-300
3497	3447	3	-300
3497	2946	4	0
3497	2946	4	0
3497	2946	4	0
3497	2946	2	0
3497	3448	1	-300
2991	3448	3	0
2991	2946	1	300
2490	2946	3	0
2490	2444	4	0
2490	2444	2	0
2490	2933	1	0
1998	2933	0	0
2485	2933	1	0
1986	2933	0	0
2473	2933	0	0
2972	2933	4	300
2972	2933	3	300
2972	2432	4	300
2972	2432	0	300
3476	2432	0	0
3969	2432	4	0
3969	2432	4	0
3969	2432	0	0
4456	2432	3	0
4456	1938	0	0
4944	1938	0	0
5441	1938	0	0
5944	1938	4	0
5944	1938	3	0
5944	1446	0	0
6444	1446	1	0
5947	1446	0	0
6439	1446	4	0
6439	1446	4	0
6439	1446	1	0
5937	1446	2	0
5937	1935	0	0
6425	1935	1	0
5925	1935	4	0
5925	1935	1	0
5429	1935	2	0
5429	2433	2	-300
5429	2929	3	0
5429	2431	2	-300
5429	2918	1	0
4941	2918	3	0
4941	2414	3	0
4941	1899	4	0
4941	1899	0	0
5436	1899	4	0
5436	1899	1	0
4940	1899	1	0
4442	1899	3	0
4442	1411	3	0
4442	907	1	0
3950	907	4	0
3950	907	0	0
4455	907	4	0
4455	907	1	0
3953	907	1	0
3463	907	1	0
2970	907	1	0
2478	907	0	0
2969	907	2	0
2969	1407	3	0
2969	920	0	0
3466	920	3	0
3466	420	1	0
2970	420	2	300
2970	917	2	0
2970	1412	1	0
2473	1412	2	-300
2473	1919	2	-300
2473	2418	0	0
2974	2418	3	300
2974	1928	2	300
2974	2430	0	300
3467	2430	2	0
3467	2919	1	0
2977	2919	0	300
3472	2919	1	0
2976	2919	1	300
2485	2919	2	0
2485	3427	1	0
1998	3427	2	0
1998	3917	0	0
2492	3917	3	0
2492	3412	1	0
1992	3412	3	0
1992	2922	2	0
1992	3421	1	0
1503	3421	0	0
2005	3421	1	0
1510	3421	2	0
1510	3912	3	0
1510	3419	1	0
1002	3419	1	0
504	3419	4	0
504	3419	2	0
504	3919	2	0
504	4407	3	0
504	3903	3	0
504	3408	2	0
504	3899	2	0
504	4400	0	0
1003	4400	2	0
1003	4887	0	0
1509	4887	0	0
2005	4887	2	0
2005	5381	4	0
2005	5381	3	0
2005	4890	0	0
2503	4890	2	0
2503	5390	1	0
2016	5390	1	0
1505	5390	4	0
1505	5390	0	0
1983	5390	0	0
2478	5390	2	0
2478	5889	2	0
2478	6388	4	0
2478	6388	2	0
2478	6892	0	0
2984	6892	2	0
2984	7398	2	0
2984	7881	2	0
2984	8382	3	0
2984	7872	0	0
3478	7872	2	0
3478	8373	2	0
3478	8870	1	0
2975	8870	4	0
2975	8870	2	0
2975	9376	2	0
2975	9872	0	0
3474	9872	2	0
3474	10359	2	0
3474	10842	1	0
2982	10842	4	0
2982	10842	1	0
2472	10842	3	0
2472	10344	3	0
2472	9852	1	0
1973	9852	1	0
1473	9852	1	0
986	9852	1	0
475	9852	3	0
475	9368	2	0
475	9869	0	0
984	9869	0	0
1481	9869	2	0
1481	10364	1	0
996	10364	3	0
996	9868	1	0
500	9868	0	0
992	9868	2	0
992	10363	4	0
992	10363	1	0
486	10363	0	0
985	10363	3	0
985	9860	3	0
985	9366	3	0
985	8869	0	0
1464	8869	4	0
1464	8869	2	0
1464	9359	2	0
1464	9855	3	0
1464	9370	4	0
1464	9370	4	0
1464	9370	4	0
1464	9370	2	0
1464	9857	4	0
1464	9857	0	0
1975	9857	4	0
1975	9857	2	0
1975	10350	1	0
1478	10350	4	0
1478	10350	3	0
1478	9857	2	0
1478	10359	3	0
1478	9863	1	0
986	9863	4	0
986	9863	4	0
986	9863	2	0
986	10343	3	0
986	9843	3	0
986	9355	4	0
986	9355	2	0
986	9843	0	0
1484	9843	3	0
1484	9354	3	0
1484	8860	4	0
1484	8860	2	0
1484	9354	0	0
1975	9354	2	300
1975	9854	4	0
1975	9854	2	0
1975	10353	3	0
1975	9843	1	0
1469	9843	3	0
1469	9360	4	0
1469	9360	3	0
1469	8869	3	0
1469	8371	1	0
966	8371	1	0
465	8371	0	0
955	8371	3	0
955	7861	3	0
955	7357	2	0
955	7862	0	0
1452	7862	2	0
1452	8363	3	0
1452	7876	0	0
1951	7876	3	0
1951	7385	1	0
1465	7385	4	0
1465	7385	3	0
1465	6894	3	0
1465	6391	4	-300
1465	6391	1	-300
963	6391	3	0
963	5887	0	0
1459	5887	1	0
958	5887	3	0
958	5394	4	0
958	5394	4	0
958	5394	4	0
958	5394	4	0
958	5394	3	0
958	4892	4	0
958	4892	2	0
958	5399	4	0
958	5399	2	0
958	5894	3	0
958	5397	3	0
958	4900	4	0
958	4900	2	0
958	5404	2	0
958	5898	0	0
1448	5898	3	0
1448	5389	0	0
1946	5389	3	0
1946	4894	1	0
1450	4894	4	0
1450	4894	0	0
1951	4894	0	0
2457	4894	0	0
2960	4894	2	0
2960	5401	3	0
2960	4907	0	0
3452	4907	4	0
3452	4907	4	0
3452	4907	3	0
3452	4410	3	0
3452	3915	3	-300
3452	3418	4	-300
3452	3418	0	-300
3934	3418	3	0
3934	2920	0	0
4430	2920	3	0
4430	2424	3	0
4430	1922	0	0
4924	1922	1	0
4430	1922	4	0
4430	1922	1	0
3934	1922	4	0
3934	1922	4	0
3934	1922	1	0
3433	1922	0	0
3924	1922	2	0
3924	2417	4	0
3924	2417	1	0
3432	2417	4	0
3432	2417	1	0
2929	2417	0	300
3430	2417	2	0
3430	2916	0	0
3931	2916	4	0
3931	2916	2	0
3931	3415	1	0
3431	3415	1	-300
2937	3415	1	0
2433	3415	4	0
2433	3415	3	0
2433	2921	4	0
2433	2921	3	0
2433	2437	3	0
2433	1943	2	-300
2433	2441	1	0
1938	2441	2	0
1938	2945	0	0
2426	2945	2	0
2426	3445	3	0
2426	2961	3	0
2426	2460	3	0
2426	1967	2	-300
2426	2453	0	0
2918	2453	3	300
2918	1955	1	300
2431	1955	3	-300
2431	1450	4	-300
2431	1450	0	-300
2934	1450	4	0
2934	1450	3	0
2934	956	2	0
2934	1441	1	0
2439	1441	3	-300
2439	953	4	0
2439	953	3	0
2439	455	0	0
2944	455	0	300
3440	455	2	0
3440	956	0	0
3941	956	1	0
3437	956	4	0
3437	956	0	0
3935	956	3	0
3935	461	4	0
3935	461	1	0
3429	461	0	0
3920	461	0	0
4423	461	2	0
4423	961	2	0
4423	1451	3	0
4423	966	0	0
4922	966	4	0
4922	966	4	0
4922	966	2	0
4922	1463	4	0
4922	1463	2	0
4922	1956	3	0
4922	1454	0	0
5408	1454	0	0
5900	1454	3	0
5900	955	1	0
5412	955	3	-300
5412	450	1	0
4919	450	4	0
4919	450	1	0
4428	450	4	0
4428	450	1	0
3925	450	0	0
4418	450	4	0
4418	450	1	0
3911	450	4	0
3911	450	4	0
3911	450	1	0
3415	450	2	0
3415	952	0	0
3905	952	3	0
3905	455	2	0
3905	956	0	0
4396	956	1	0
3906	956	3	0
3906	453	4	0
3906	453	4	0
3906	453	0	0
4411	453	0	0
4916	453	0	0
5422	453	0	0
5914	453	0	0
6410	453	1	0
5912	453	0	0
6414	453	0	0
6895	453	4	0
6895	453	1	0
6397	453	1	0
5908	453	2	0
5908	956	0	0
6410	956	2	-300
6410	1456	2	0
6410	1948	3	0
6410	1461	4	0
6410	1461	2	0
6410	1954	1	0
5908	1954	3	0
5908	1454	2	0
5908	1958	3	0
5908	1456	1	0
5401	1456	4	0
5401	1456	2	0
5401	1947	1	0
4908	1947	0	0
5403	1947	3	0
5403	1446	2	0
5403	1939	0	0
5908	1939	1	0
5413	1939	2	0
5413	2445	3	-300
5413	1949	2	0
5413	2437	4	-300
5413	2437	1	-300
4910	2437	3	0
4910	1931	4	0
4910	1931	0	0
5398	1931	4	0
5398	1931	0	0
5888	1931	0	0
6397	1931	3	0
6397	1432	0	0
6898	1432	0	0
7399	1432	4	0
7399	1432	1	0
6896	1432	4	0
6896	1432	4	0
6896	1432	1	0
6397	1432	4	0
6397	1432	1	0
5895	1432	3	0
5895	940	1	0
5402	940	2	-300
5402	1448	4	0
5402	1448	4	0
5402	1448	2	0
5402	1941	0	0
5888	1941	0	0
6384	1941	1	0
5873	1941	1	0
5371	1941	0	0
5859	1941	1	0
5364	1941	4	0
5364	1941	1	0
4871	1941	4	0
4871	1941	4	0
4871	1941	3	0
4871	1436	3	0
4871	935	3	0
4871	436	1	0
4379	436	4	0
4379	436	0	0
4875	436	4	0
4875	436	2	0
4875	937	1	0
4370	937	1	0
3881	937	3	0
3881	452	2	0
3881	958	2	0
3881	1465	1	300
3382	1465	3	0
3382	969	1	0
2889	969	0	0
3372	969	0	0
3878	969	0	0
4377	969	3	0
4377	473	4	0
4377	473	1	0
3879	473	4	0
3879	473	4	0
3879	473	4	0
3879	473	1	0
3381	473	0	0
3879	473	0	0
4385	473	4	0
4385	473	4	0
4385	473	1	0
3883	473	2	0
3883	960	4	0
3883	960	0	0
4376	960	1	0
3872	960	1	0
3369	960	3	0
3369	455	4	0
3369	455	0	0
3864	455	1	0
3370	455	1	0
2866	455	0	300
3355	455	2	0
3355	956	0	0
3853	956	1	0
3357	956	0	0
3871	956	0	0
4367	956	4	0
4367	956	2	0
4367	1457	2	0
4367	1949	1	0
3870	1949	1	0
3369	1949	3	0
3369	1453	0	0
3859	1453	4	300
3859	1453	4	300
3859	1453	2	300
3859	1953	0	0
4358	1953	0	0
4851	1953	1	0
4366	1953	3	0
4366	1453	0	0
4864	1453	0	0
5347	1453	3	0
5347	948	4	-300
5347	948	2	-300
5347	1437	4	0
5347	1437	4	0
5347	1437	0	0
5851	1437	1	0
5346	1437	4	0
5346	1437	4	0
5346	1437	2	0
5346	1924	2	0
5346	2436	3	-300
5346	1934	4	0
5346	1934	3	0
5346	1437	2	0
5346	1927	2	0
5346	2416	0	-300
5843	2416	0	0
6338	2416	1	0
5834	2416	0	0
6337	2416	3	0
6337	1916	2	0
6337	2404	4	0
6337	2404	4	0
6337	2404	4	0
6337	2404	3	0
6337	1901	4	0
6337	1901	1	0
5837	1901	4	0
5837	1901	2	0
5837	2396	1	0
5325	2396	0	-300
5824	2396	0	0
6326	2396	4	0
6326	2396	1	0
5832	2396	1	0
5331	2396	3	-300
5331	1901	4	0
5331	1901	0	0
5817	1901	1	0
5326	1901	4	0
5326	1901	4	0
5326	1901	4	0
5326	1901	1	0
4825	1901	3	0
4825	1395	3	0
4825	894	1	0
4325	894	2	0
4325	1375	1	0
3827	1375	2	300
3827	1861	0	0
4327	1861	3	0
4327	1359	2	0
4327	1840	1	0
3827	1840	3	0
3827	1353	0	300
4328	1353	3	0
4328	868	3	0
4328	376	0	0
4823	376	0	0
5326	376	1	0
4818	376	1	0
4326	376	2	0
4326	874	2	0
4326	1374	1	0
3838	1374	3	300
3838	889	2	0
3838	1383	4	300
3838	1383	1	300
3336	1383	4	0
3336	1383	3	0
3336	893	0	0
3823	893	4	0
3823	893	3	0
3823	396	1	0
3322	396	4	0
3322	396	2	0
3322	880	3	0
3322	393	0	0
3815	393	2	0
3815	891	1	0
3327	891	0	0
3836	891	3	0
3836	399	0	0
4334	399	2	0
4334	900	0	0
4821	900	0	0
5312	900	4	-300
5312	900	3	-300
5312	403	4	0
5312	403	4	0
5312	403	0	0
5814	403	4	0
5814	403	0	0
6326	403	0	0
6820	403	4	0
6820	403	2	0
6820	909	0	0
7334	909	0	0
7829	909	1	0
7323	909	3	0
7323	396	4	0
7323	396	1	0
6824	396	1	0
6322	396	1	0
5825	396	0	0
6329	396	1	0
5831	396	1	0
5346	396	4	0
5346	396	1	0
4847	396	0	0
5342	396	0	0
5840	396	2	0
5840	899	4	0
5840	899	2	0
5840	1393	0	0
6338	1393	2	0
6338	1879	0	0
6836	1879	4	0
6836	1879	3	0
6836	1384	2	0
6836	1890	0	0
7335	1890	4	0
7335	1890	3	0
7335	1392	4	0
7335	1392	2	0
7335	1879	1	0
6837	1879	2	0
6837	2378	2	0
6837	2876	3	0
6837	2373	0	0
7324	2373	4	0
7324	2373	4	0
7324	2373	2	0
7324	2880	1	0
6838	2880	2	0
6838	3369	1	0
6351	3369	0	0
6848	3369	4	0
6848	3369	3	0
6848	2873	1	0
6346	2873	1	300
5855	2873	4	0
5855	2873	3	0
5855	2370	1	0
5360	2370	4	-300
5360	2370	3	-300
5360	1866	2	0
5360	2367	2	-300
5360	2864	1	0
4862	2864	0	0
5348	2864	1	0
4863	2864	0	0
5372	2864	0	0
5878	2864	1	0
5387	2864	3	0
5387	2361	4	-300
5387	2361	2	-300
5387	2866	2	0
5387	3363	1	0
4903	3363	3	0
4903	2869	2	0
4903	3359	3	0
4903	2873	0	0
5396	2873	0	0
5893	2873	1	0
5389	2873	0	0
5876	2873	1	0
5378	2873	0	0
5871	2873	3	0
5871	2377	4	0
5871	2377	1	0
5376	2377	2	-300
5376	2883	4	0
5376	2883	4	0
5376	2883	1	0
4878	2883	1	0
4371	2883	1	0
3868	2883	2	0
3868	3389	3	0
3868	2897	2	0
3868	3387	2	0
3868	3884	0	0
4372	3884	4	0
4372	3884	1	0
3881	3884	0	0
4379	3884	3	0
4379	3391	1	0
3888	3391	0	0
4380	3391	4	0
4380	3391	1	0
3889	3391	0	0
4386	3391	3	0
4386	2894	4	0
4386	2894	1	0
3886	2894	2	0
3886	3379	4	0
3886	3379	1	0
3396	3379	3	-300
3396	2886	2	0
3396	3373	0	-300
3885	3373	3	0
3885	2888	2	0
3885	3396	0	0
4380	3396	3	0
4380	2903	1	0
3878	2903	2	0
3878	3407	1	0
3387	3407	1	-300
2894	3407	1	0
2396	3407	4	0
2396	3407	1	0
1881	3407	0	0
2376	3407	0	0
2879	3407	1	0
2389	3407	4	0
2389	3407	2	0
2389	3904	0	0
2890	3904	0	0
3391	3904	4	-300
3391	3904	2	-300
3391	4410	3	0
3391	3915	1	-300
2900	3915	4	0
2900	3915	4	0
2900	3915	0	0
3399	3915	1	-300
2899	3915	2	0
2899	4420	1	0
2401	4420	2	0
2401	4929	1	0
1905	4929	3	0
1905	4444	4	0
1905	4444	1	0
1407	4444	1	0
908	4444	2	0
908	4931	3	0
908	4439	0	0
1406	4439	0	0
1900	4439	0	0
2387	4439	4	0
2387	4439	4	0
2387	4439	2	0
2387	4933	3	0
2387	4432	1	0
1891	4432	2	0
1891	4941	0	0
2374	4941	1	0
1882	4941	0	0
2374	4941	1	0
1885	4941	1	0
1393	4941	0	0
1904	4941	3	0
1904	4452	4	0
1904	4452	2	0
1904	4956	1	0
1404	4956	2	0
1404	5454	3	0
1404	4937	3	0
1404	4441	3	0
1404	3955	4	0
1404	3955	1	0
916	3955	4	0
916	3955	0	0
1411	3955	3	0
1411	3459	0	0
1906	3459	1	0
1411	3459	4	0
1411	3459	3	0
1411	2972	2	0
1411	3466	3	0
1411	2977	1	0
913	2977	4	0
913	2977	1	0
411	2977	2	0
411	3488	4	0
411	3488	2	0
411	3989	4	0
411	3989	3	0
411	3487	0	0
908	3487	2	0
908	3988	3	0
908	3497	3	0
908	2997	0	0
1401	2997	3	0
1401	2496	2	0
1401	2994	4	0
1401	2994	1	0
908	2994	0	0
1406	2994	3	0
1406	2502	0	0
1898	2502	2	0
1898	2997	2	0
1898	3509	2	0
1898	4009	2	0
1898	4493	3	0
1898	3993	4	0
1898	3993	0	0
2398	3993	4	0
2398	3993	3	0
2398	3487	0	0
2888	3487	2	0
2888	3969	3	0
2888	3478	0	0
3385	3478	0	-300
3891	3478	1	0
3401	3478	4	-300
3401	3478	1	-300
2900	3478	3	0
2900	2978	0	300
3401	2978	3	0
3401	2476	1	0
2907	2476	1	300
2413	2476	4	0
2413	2476	4	0
2413	2476	2	0
2413	2981	3	0
2413	2492	2	0
2413	3002	4	0
2413	3002	1	0
1909	3002	1	0
1407	3002	2	0
1407	3507	3	0
1407	3021	1	0
901	3021	2	0
901	3520	2	0
901	4016	0	0
1399	4016	0	0
1901	4016	3	0
1901	3512	0	0
2401	3512	0	0
2906	3512	3	0
2906	3011	2	0
2906	3517	2	0
2906	4021	4	0
2906	4021	4	0
2906	4021	1	0
2409	4021	4	0
2409	4021	4	0
2409	4021	0	0
2913	4021	3	0
2913	3526	0	0
3407	3526	3	-300
3407	3023	2	-300
3407	3517	0	-300
3893	3517	0	0
4383	3517	0	0
4878	3517	1	0
4376	3517	3	0
4376	3016	3	0
4376	2516	1	0
3873	2516	1	0
3377	2516	4	0
3377	2516	0	0
3877	2516	2	0
3877	3024	0	0
4362	3024	1	0
3863	3024	3	0
3863	2529	4	0
3863	2529	4	0
3863	2529	0	0
4354	2529	1	0
3853	2529	0	0
4352	2529	3	0
4352	2028	3	0
4352	1527	0	0
4840	1527	2	0
4840	2020	4	0
4840	2020	2	0
4840	2526	2	0
4840	3013	1	0
4344	3013	1	0
3849	3013	3	0
3849	2520	2	0
3849	3020	3	0
3849	2532	0	0
4358	2532	4	0
4358	2532	0	0
4858	2532	2	0
4858	3032	3	0
4858	2533	1	0
4368	2533	4	0
4368	2533	0	0
4869	2533	2	0
4869	3037	3	0
4869	2549	3	0
4869	2055	2	0
4869	2555	4	0
4869	2555	2	0
4869	3056	2	0
4869	3561	3	0
4869	3076	1	0
4373	3076	0	0
4873	3076	0	0
5374	3076	1	0
4876	3076	0	0
5371	3076	2	0
5371	3575	0	0
5871	3575	1	0
5378	3575	2	0
5378	4074	0	0
5883	4074	0	0
6394	4074	0	0
6882	4074	4	0
6882	4074	2	0
6882	4566	0	0
7383	4566	1	-300
6898	4566	0	0
7378	4566	0	-300
7868	4566	1	0
7364	4566	3	-300
7364	4056	3	0
7364	3561	3	0
7364	3068	0	0
7862	3068	2	0
7862	3567	0	0
8362	3567	1	0
7863	3567	0	0
8363	3567	3	0
8363	3064	2	0
8363	3567	0	0
8862	3567	0	300
9358	3567	1	-300
8867	3567	2	300
8867	4066	4	0
8867	4066	2	0
8867	4566	0	0
9355	4566	0	0
9850	4566	4	0
9850	4566	3	0
9850	4077	4	0
9850	4077	1	0
9351	4077	3	0
9351	3583	0	-300
9848	3583	4	0
9848	3583	2	0
9848	4084	3	0
9848	3589	1	0
9349	3589	1	-300
8845	3589	3	300
8845	3081	3	0
8845	2588	4	300
8845	2588	4	300
8845	2588	3	300
8845	2091	4	0
8845	2091	1	0
8336	2091	1	0
7826	2091	0	0
8326	2091	4	0
8326	2091	0	0
8824	2091	3	0
8824	1600	1	0
8329	1600	2	0
8329	2099	3	0
8329	1619	1	0
7833	1619	3	0
7833	1120	4	0
7833	1120	3	0
7833	611	4	0
7833	611	1	0
7333	611	4	0
7333	611	0	0
7837	611	4	0
7837	611	1	0
7333	611	2	0
7333	1118	2	0
7333	1614	1	0
6823	1614	0	0
7316	1614	4	0
7316	1614	2	0
7316	2125	1	0
6828	2125	2	0
6828	2619	2	0
6828	3106	0	0
7334	3106	1	0
6843	3106	2	0
6843	3599	4	0
6843	3599	4	0
6843	3599	1	0
6334	3599	4	0
6334	3599	4	0
6334	3599	3	0
6334	3095	2	0
6334	3598	0	0
6830	3598	2	0
6830	4095	0	0
7321	4095	4	0
7321	4095	3	0
7321	3592	0	0
7806	3592	0	0
8301	3592	2	0
8301	4068	3	0
8301	3567	0	0
8794	3567	0	300
9295	3567	1	-300
8807	3567	1	300
8301	3567	0	0
8787	3567	0	300
9283	3567	1	-300
8782	3567	4	300
8782	3567	1	300
8293	3567	0	0
8777	3567	1	300
8285	3567	3	0
8285	3072	0	0
8763	3072	2	0
8763	3571	4	300
8763	3571	0	300
9263	3571	4	-300
9263	3571	2	-300
9263	4057	4	0
9263	4057	4	0
9263	4057	3	0
9263	3553	1	-300
8756	3553	4	300
8756	3553	4	300
8756	3553	3	300
8756	3047	4	0
8756	3047	4	0
8756	3047	1	0
8268	3047	4	0
8268	3047	2	0
8268	3550	2	0
8268	4048	4	0
8268	4048	0	0
8762	4048	1	0
8269	4048	0	0
8774	4048	4	0
8774	4048	0	0
9270	4048	1	0
8768	4048	3	0
8768	3531	0	300
9264	3531	4	-300
9264	3531	1	-300
8757	3531	3	300
8757	3035	4	0
8757	3035	1	0
8264	3035	2	0
8264	3535	3	0
8264	3046	1	0
7770	3046	0	0
8281	3046	0	0
8777	3046	1	0
8285	3046	1	0
7791	3046	1	0
7297	3046	0	0
7788	3046	1	0
7299	3046	4	0
7299	3046	2	0
7299	3543	0	0
7798	3543	1	0
7304	3543	4	0
7304	3543	2	0
7304	4044	2	0
7304	4540	0	-300
7790	4540	2	0
7790	5035	0	0
8287	5035	0	0
8778	5035	2	0
8778	5530	0	0
9275	5530	4	0
9275	5530	3	0
9275	5027	0	0
9773	5027	3	0
9773	4537	3	0
9773	4047	2	0
9773	4546	3	0
9773	4060	2	0
9773	4557	0	0
10281	4557	3	0
10281	4056	1	0
9785	4056	0	0
10275	4056	0	0
10764	4056	3	0
10764	3549	3	0
10764	3060	1	0
10272	3060	0	0
10760	3060	2	0
10760	3550	2	0
10760	4046	3	0
10760	3561	2	0
10760	4059	3	0
10760	3546	3	0
10760	3054	4	0
10760	3054	4	0
10760	3054	1	0
10258	3054	4	0
10258	3054	4	0
10258	3054	4	0
10258	3054	1	0
9747	3054	0	0
10231	3054	2	0
10231	3564	3	0
10231	3051	4	0
10231	3051	3	0
10231	2569	4	0
10231	2569	4	0
10231	2569	3	0
10231	2073	3	0
10231	1570	0	0
10732	1570	0	0
11223	1570	3	0
11223	1061	4	0
11223	1061	4	0
11223	1061	2	0
11223	1566	2	0
11223	2058	4	0
11223	2058	3	0
11223	1543	0	0
11712	1543	1	0
11219	1543	4	0
11219	1543	0	0
11720	1543	4	0
11720	1543	2	0
11720	2041	2	0
11720	2547	4	0
11720	2547	0	0
12216	2547	3	0
12216	2041	3	0
12216	1549	1	0
11726	1549	1	0
11224	1549	4	0
11224	1549	4	0
11224	1549	0	0
11722	1549	2	0
11722	2047	2	0
11722	2539	3	0
11722	2037	3	0
11722	1533	1	0
11220	1533	0	0
11724	1533	4	0
11724	1533	4	0
11724	1533	0	0
12224	1533	1	0
11726	1533	4	0
11726	1533	4	0
11726	1533	1	0
11222	1533	3	0
11222	1032	4	0
11222	1032	3	0
11222	534	1	0
10729	534	3	0
10729	39	0	0
11230	39	0	0
11739	39	2	0
11739	550	4	0
11739	550	4	0
11739	550	1	0
11235	550	2	0
11235	1052	1	0
10728	1052	0	0
11218	1052	3	0
11218	548	2	0
11218	1033	2	0
11218	1525	3	0
11218	1025	4	0
11218	1025	4	0
11218	1025	0	0
11708	1025	0	0
12203	1025	2	0
12203	1524	1	0
11711	1524	3	0
11711	1021	3	0
11711	516	2	0
11711	1006	1	0
11206	1006	4	0
11206	1006	3	0
11206	507	1	0
10692	507	4	0
10692	507	1	0
10195	507	3	0
10195	2	2	0
10195	506	4	0
10195	506	3	0
10195	2	1	0
9703	2	0	0
10200	2	0	0
10703	2	1	0
10205	2	2	0
10205	491	0	0
10706	491	4	0
10706	491	1	0
10208	491	1	0
9711	491	4	0
9711	491	3	0
9711	8	4	0
9711	8	1	0
9220	8	4	0
9220	8	1	0
8727	8	0	0
9219	8	2	0
9219	506	3	0
9219	8	0	0
9713	8	1	0
9205	8	4	0
9205	8	4	0
9205	8	1	0
8705	8	1	0
8209	8	0	0
8706	8	0	0
9211	8	2	0
9211	503	0	0
9719	503	1	0
9221	503	0	0
9714	503	2	0
9714	986	3	0
9714	498	2	0
9714	997	0	0
10214	997	0	0
10723	997	0	0
11222	997	4	0
11222	997	1	0
10734	997	2	0
10734	1502	0	0
11239	1502	4	0
11239	1502	0	0
11755	1502	1	0
11249	1502	0	0
11758	1502	0	0
12269	1502	4	0
12269	1502	2	0
12269	1991	2	0
12269	2503	3	0
12269	2008	0	0
12760	2008	1	0
12269	2008	3	0
12269	1510	4	0
12269	1510	3	0
12269	1016	4	0
12269	1016	4	0
12269	1016	0	0
12775	1016	4	0
12775	1016	3	0
12775	514	1	0
12286	514	2	0
12286	1011	0	0
12782	1011	3	0
12782	521	4	0
12782	521	0	0
13268	521	2	0
13268	1022	4	0
13268	1022	0	0
13776	1022	0	0
14276	1022	0	0
14770	1022	4	0
14770	1022	3	0
14770	520	2	0
14770	1028	1	0
14274	1028	1	0
13772	1028	0	0
14269	1028	2	0
14269	1521	3	0
14269	1026	2	0
14269	1533	0	0
14768	1533	4	0
14768	1533	4	0
14768	1533	1	0
14277	1533	3	0
14277	1030	2	0
14277	1529	2	0
14277	2013	2	0
14277	2520	3	0
14277	2017	0	0
14783	2017	1	0
14276	2017	0	0
14773	2017	0	0
15274	2017	0	0
15770	2017	2	0
15770	2520	0	0
16270	2520	2	0
16270	3012	0	0
16773	3012	1	0
16264	3012	4	0
16264	3012	2	0
16264	3507	2	0
16264	4007	4	0
16264	4007	2	0
16264	4494	2	0
16264	4990	2	0
16264	5495	0	0
16763	5495	4	0
16763	5495	2	0
16763	5990	0	0
17256	5990	0	0
17764	5990	4	0
17764	5990	1	0
17271	5990	0	0
17771	5990	1	0
17272	5990	3	0
17272	5496	3	0
17272	4996	4	0
17272	4996	4	0
17272	4996	3	0
17272	4502	2	0
17272	5004	1	0
16781	5004	1	0
16283	5004	2	0
16283	5515	4	0
16283	5515	0	0
16783	5515	2	0
16783	6018	1	0
16292	6018	1	0
15805	6018	3	0
15805	5533	3	0
15805	5027	2	0
15805	5506	1	0
15300	5506	3	0
15300	4995	0	0
15790	4995	4	0
15790	4995	4	0
15790	4995	3	0
15790	4494	3	0
15790	3997	3	0
15790	3504	1	0
15302	3504	0	0
15802	3504	4	0
15802	3504	4	0
15802	3504	4	0
15802	3504	2	0
15802	4001	1	0
15297	4001	3	0
15297	3511	3	0
15297	3028	1	0
14799	3028	4	0
14799	3028	3	0
14799	2519	2	0
14799	3016	4	0
14799	3016	3	0
14799	2516	0	0
15297	2516	4	0
15297	2516	1	0
14795	2516	4	0
14795	2516	1	0
14310	2516	2	0
14310	3014	2	0
14310	3504	2	0
14310	3998	1	0
13817	3998	2	0
13817	4494	2	0
13817	4998	0	0
14309	4998	2	0
14309	5490	4	0
14309	5490	3	0
14309	5007	2	0
14309	5514	4	0
14309	5514	4	0
14309	5514	3	0
14309	5018	1	0
13830	5018	2	0
13830	5528	0	0
14324	5528	2	0
14324	6029	1	0
13829	6029	4	0
13829	6029	4	0
13829	6029	3	0
13829	5534	0	0
14333	5534	2	0
14333	6035	2	0
14333	6534	3	0
14333	6033	1	0
13825	6033	4	0
13825	6033	3	0
13825	5539	3	0
13825	5051	2	0
13825	5552	3	0
13825	5054	1	0
13331	5054	1	0
12840	5054	0	0
13331	5054	4	0
13331	5054	2	0
13331	5544	3	0
13331	5050	2	0
13331	5546	4	0
13331	5546	4	0
13331	5546	1	0
12829	5546	0	0
13324	5546	0	0
13822	5546	4	0
13822	5546	3	0
13822	5034	0	0
14309	5034	2	0
14309	5530	1	0
13818	5530	0	0
14319	5530	0	0
14823	5530	1	0
14318	5530	2	0
14318	6028	1	0
13813	6028	4	0
13813	6028	0	0
14302	6028	4	0
14302	6028	3	0
14302	5516	1	0
13799	5516	4	0
13799	5516	0	0
14303	5516	1	0
13812	5516	4	0
13812	5516	1	0
13309	5516	4	0
13309	5516	0	0
13796	5516	1	0
13309	5516	3	0
13309	5017	0	0
13820	5017	0	0
14330	5017	2	0
14330	5519	3	0
14330	5016	3	0
14330	4537	1	0
13836	4537	1	0
13336	4537	4	0
13336	4537	1	0
12835	4537	0	0
13333	4537	3	0
13333	4039	2	0
13333	4536	2	0
13333	5031	4	0
13333	5031	2	0
13333	5542	4	0
13333	5542	0	0
13839	5542	4	0
13839	5542	4	0
13839	5542	0	0
14332	5542	3	0
14332	5054	0	0
14835	5054	3	0
14835	4563	2	0
14835	5057	4	0
14835	5057	3	0
14835	4559	1	0
14335	4559	2	0
14335	5062	4	0
14335	5062	3	0
14335	4561	1	0
13834	4561	1	0
13331	4561	3	0
13331	4049	3	0
13331	3550	2	0
13331	4059	4	0
13331	4059	1	0
12829	4059	4	0
12829	4059	2	0
12829	4552	0	0
13318	4552	2	0
13318	5049	0	0
13802	5049	3	0
13802	4554	0	0
14296	4554	4	0
14296	4554	1	0
13798	4554	3	0
13798	4069	2	0
13798	4565	0	0
14291	4565	1	0
13804	4565	3	0
13804	4061	2	0
13804	4561	4	0
13804	4561	1	0
13304	4561	4	0
13304	4561	2	0
13304	5072	3	0
13304	4581	4	0
13304	4581	0	0
13802	4581	3	0
13802	4085	3	0
13802	3590	2	0
13802	4098	0	0
14290	4098	3	0
14290	3606	0	0
14792	3606	3	0
14792	3107	1	0
14288	3107	3	0
14288	2611	0	0
14786	2611	2	0
14786	3113	0	0
15282	3113	3	0
15282	2615	4	0
15282	2615	0	0
15788	2615	4	0
15788	2615	1	0
15296	2615	1	0
14795	2615	3	0
14795	2122	1	0
14286	2122	2	0
14286	2614	4	0
14286	2614	2	0
14286	3101	2	0
14286	3604	0	0
14787	3604	0	0
15292	3604	1	0
14794	3604	0	0
15294	3604	1	0
14796	3604	2	0
14796	4100	2	0
14796	4599	4	0
14796	4599	1	0
14305	4599	3	0
14305	4100	3	0
14305	3614	0	0
14801	3614	2	0
14801	4109	2	0
14801	4604	0	0
15307	4604	4	0
15307	4604	2	0
15307	5107	1	0
14804	5107	4	0
14804	5107	1	0
14312	5107	0	0
14802	5107	4	0
14802	5107	4	0
14802	5107	2	0
14802	5603	2	0
14802	6097	0	0
15305	6097	0	0
15800	6097	3	0
15800	5602	2	0
15800	6097	2	0
15800	6587	2	0
15800	7073	3	0
15800	6590	4	0
15800	6590	2	0
15800	7086	4	0
15800	7086	2	0
15800	7585	1	0
15287	7585	4	0
15287	7585	0	0
15788	7585	3	0
15788	7086	1	0
15284	7086	0	0
15782	7086	4	0
15782	7086	4	0
15782	7086	1	0
15293	7086	1	0
14803	7086	0	0
15310	7086	1	0
14806	7086	0	0
15294	7086	2	0
15294	7580	1	0
14802	7580	2	0
14802	8084	0	0
15316	8084	1	0
14823	8084	3	0
14823	7582	1	0
14340	7582	1	0
13842	7582	0	0
14336	7582	2	0
14336	8088	1	0
13842	8088	0	0
14328	8088	3	0
14328	7592	4	0
14328	7592	0	0
14822	7592	2	0
14822	8086	3	0
14822	7590	0	0
15319	7590	3	0
15319	7103	4	0
15319	7103	2	0
15319	7600	2	0
15319	8095	2	0
15319	8592	3	0
15319	8086	2	0
15319	8589	1	0
14825	8589	0	0
15316	8589	1	0
14833	8589	2	0
14833	9094	4	0
14833	9094	2	0
14833	9597	4	0
14833	9597	3	0
14833	9098	1	0
14335	9098	0	0
14837	9098	0	0
15332	9098	4	0
15332	9098	2	0
15332	9592	2	0
15332	10083	4	0
15332	10083	3	0
15332	9575	4	0
15332	9575	0	0
15824	9575	4	0
15824	9575	2	0
15824	10060	2	0
15824	10555	1	0
15334	10555	3	0
15334	10057	3	0
15334	9559	1	0
14846	9559	0	0
15353	9559	3	0
15353	9067	3	0
15353	8571	2	0
15353	9057	0	0
15851	9057	1	0
15343	9057	1	0
14849	9057	0	0
15330	9057	0	0
15826	9057	0	0
16321	9057	3	0
16321	8559	4	0
16321	8559	1	0
15831	8559	3	0
15831	8064	3	0
15831	7572	0	0
16333	7572	2	0
16333	8065	0	0
16826	8065	0	0
17321	8065	1	0
16825	8065	4	0
16825	8065	1	0
16328	8065	0	0
16824	8065	1	0
16318	8065	1	0
15819	8065	2	0
15819	8558	1	0
15332	8558	4	0
15332	8558	4	0
15332	8558	3	0
15332	8065	4	0
15332	8065	2	0
15332	8556	3	0
15332	8053	3	0
15332	7558	4	0
15332	7558	2	0
15332	8047	1	0
14833	8047	4	0
14833	8047	2	0
14833	8538	1	0
14336	8538	3	0
14336	8050	1	0
13840	8050	3	0
13840	7568	3	0
13840	7075	1	0
13348	7075	4	0
13348	7075	1	0
12856	7075	4	0
12856	7075	2	0
12856	7580	3	0
12856	7078	4	0
12856	7078	4	0
12856	7078	2	0
12856	7578	2	0
12856	8081	1	0
12355	8081	3	0
12355	7584	4	0
12355	7584	3	0
12355	7083	0	0
12860	7083	4	0
12860	7083	3	0
12860	6578	1	0
12353	6578	3	0
12353	6071	0	0
12847	6071	4	0
12847	6071	1	0
12342	6071	4	0
12342	6071	1	0
11841	6071	1	0
11353	6071	1	0
10862	6071	0	0
11347	6071	3	0
11347	5579	0	0
11847	5579	2	0
11847	6075	4	0
11847	6075	0	0
12326	6075	0	0
12811	6075	0	0
13308	6075	0	0
13813	6075	4	0
13813	6075	0	0
14314	6075	1	0
13824	6075	1	0
13320	6075	3	0
13320	5579	4	0
13320	5579	1	0
12820	5579	1	0
12328	5579	0	0
12829	5579	0	0
13325	5579	4	0
13325	5579	3	0
13325	5083	2	0
13325	5582	4	0
13325	5582	0	0
13822	5582	2	0
13822	6080	0	0
14316	6080	3	0
14316	5578	2	0
14316	6082	2	0
14316	6589	0	0
14807	6589	0	0
15302	6589	0	0
15794	6589	2	0
15794	7093	1	0
15298	7093	2	0
15298	7593	3	0
15298	7097	4	0
15298	7097	3	0
15298	6596	0	0
15793	6596	0	0
16291	6596	2	0
16291	7103	1	0
15798	7103	3	0
15798	6622	1	0
15304	6622	0	0
15802	6622	4	0
15802	6622	1	0
15306	6622	4	0
15306	6622	1	0
14815	6622	3	0
14815	6121	4	0
14815	6121	2	0
14815	6614	2	0
14815	7113	2	0
14815	7607	2	0
14815	8115	4	0
14815	8115	2	0
14815	8611	1	0
14303	8611	2	0
14303	9108	3	0
14303	8605	0	0
14790	8605	0	0
15302	8605	2	0
15302	9091	0	0
15809	9091	3	0
15809	8593	2	0
15809	9094	2	0
15809	9590	2	0
15809	10090	2	0
15809	10583	3	0
15809	10086	0	0
16313	10086	0	0
16802	10086	4	0
16802	10086	1	0
16294	10086	2	0
16294	10584	1	0
15798	10584	2	0
15798	11089	1	0
15302	11089	3	0
15302	10590	3	0
15302	10098	1	0
14805	10098	0	0
15317	10098	2	0
15317	10606	3	0
15317	10114	3	0
15317	9636	4	0
15317	9636	2	0
15317	10143	2	0
15317	10630	0	0
15815	10630	2	0
15815	11116	0	0
16306	11116	2	0
16306	11617	1	0
15812	11617	2	0
15812	12107	3	0
15812	11620	0	0
16298	11620	0	0
16798	11620	2	0
16798	12112	2	0
16798	12602	1	0
16301	12602	3	0
16301	12097	0	0
16793	12097	0	0
17286	12097	3	0
17286	11598	2	0
17286	12100	0	0
17788	12100	1	0
17290	12100	1	0
16801	12100	0	0
17301	12100	1	0
16818	12100	2	0
16818	12599	2	0
16818	13100	4	0
16818	13100	2	0
16818	13587	3	0
16818	13097	1	0
16308	13097	4	0
16308	13097	4	0
16308	13097	4	0
16308	13097	1	0
15811	13097	2	0
15811	13604	2	0
15811	14108	0	0
16317	14108	0	0
16807	14108	4	0
16807	14108	0	0
17306	14108	0	0
17795	14108	0	0
18312	14108	2	0
18312	14597	2	0
18312	15090	0	0
18805	15090	2	0
18805	15599	1	0
18302	15599	1	0
17807	15599	4	0
17807	15599	4	0
17807	15599	4	0
17807	15599	4	0
17807	15599	0	0
18304	15599	3	0
18304	15100	2	0
18304	15588	3	0
18304	15089	4	0
18304	15089	2	0
18304	15580	4	0
18304	15580	3	0
18304	15084	4	0
18304	15084	2	0
18304	15581	3	0
18304	15077	2	0
18304	15570	0	0
18804	15570	2	0
18804	16068	1	0
18299	16068	2	0
18299	16574	0	0
18791	16574	0	0
19284	16574	2	0
19284	17074	0	0
19771	17074	4	0
19771	17074	2	0
19771	17557	3	0
19771	17054	0	0
20270	17054	2	0
20270	17559	3	0
20270	17068	3	0
20270	16565	1	0
19766	16565	4	0
19766	16565	4	0
19766	16565	2	0
19766	17065	0	0
20267	17065	1	0
19767	17065	2	0
19767	17564	2	0
19767	18067	2	0
19767	18573	4	0
19767	18573	2	0
19767	19059	0	0
20266	19059	3	0
20266	18567	3	0
20266	18068	3	0
20266	17578	0	0
20764	17578	2	0
20764	18078	2	0
20764	18575	4	0
20764	18575	4	0
20764	18575	1	0
20272	18575	0	0
20769	18575	2	0
20769	19068	4	0
20769	19068	0	0
21261	19068	0	0
21760	19068	4	0
21760	19068	3	0
21760	18570	3	0
21760	18074	2	0
21760	18573	0	0
22249	18573	1	0
21748	18573	4	0
21748	18573	2	0
21748	19070	2	0
21748	19565	0	0
22245	19565	1	0
21746	19565	3	0
21746	19060	2	0
21746	19554	2	0
21746	20047	1	0
21247	20047	3	0
21247	19546	1	0
20740	19546	4	0
20740	19546	1	0
20245	19546	4	0
20245	19546	1	0
19727	19546	4	0
19727	19546	1	0
19222	19546	4	0
19222	19546	1	0
18716	19546	1	0
18226	19546	0	0
18705	19546	4	0
18705	19546	4	0
18705	19546	2	0
18705	20050	1	0
18205	20050	2	0
18205	20547	1	0
17715	20547	1	0
17212	20547	4	0
17212	20547	1	0
16711	20547	3	0
16711	20045	2	0
16711	20552	0	0
17221	20552	2	0
17221	21043	1	0
16718	21043	3	0
16718	20550	3	0
16718	20048	4	0
16718	20048	3	0
16718	19553	0	0
17215	19553	4	0
17215	19553	2	0
17215	20059	0	0
17703	20059	2	0
17703	20550	0	0
18195	20550	3	0
18195	20048	0	0
18686	20048	4	0
18686	20048	1	0
18182	20048	3	0
18182	19553	2	0
18182	20050	2	0
18182	20557	3	0
18182	20064	1	0
17679	20064	4	0
17679	20064	0	0
18181	20064	3	0
18181	19571	3	0
18181	19078	4	0
18181	19078	0	0
18677	19078	3	0
18677	18572	1	0
18183	18572	0	0
18679	18572	2	0
18679	19064	1	0
18172	19064	4	0
18172	19064	0	0
18666	19064	0	0
19158	19064	3	0
19158	18578	3	0
19158	18094	0	0
19658	18094	4	0
19658	18094	0	0
20156	18094	2	0
20156	18598	3	0
20156	18093	0	0
20658	18093	0	0
21142	18093	2	0
21142	18590	2	0
21142	19087	1	0
20638	19087	4	0
20638	19087	0	0
21137	19087	1	0
20626	19087	3	0
20626	18604	4	0
20626	18604	1	0
20130	18604	2	0
20130	19092	2	0
20130	19583	4	0
20130	19583	4	0
20130	19583	3	0
20130	19084	3	0
20130	18580	0	0
20631	18580	4	0
20631	18580	4	0
20631	18580	0	0
21133	18580	0	0
21622	18580	0	0
22117	18580	3	0
22117	18082	0	0
22610	18082	0	0
23121	18082	3	0
23121	17574	3	0
23121	17087	4	0
23121	17087	4	0
23121	17087	3	0
23121	16579	2	0
23121	17077	3	0
23121	16562	0	0
23614	16562	2	0
23614	17066	1	0
23114	17066	3	0
23114	16561	3	0
23114	16066	3	0
23114	15571	1	0
22613	15571	3	0
22613	15079	3	0
22613	14583	2	0
22613	15079	3	0
22613	14577	4	0
22613	14577	4	0
22613	14577	2	0
22613	15077	0	0
23106	15077	3	0
23106	14585	4	0
23106	14585	2	0
23106	15093	1	0
22609	15093	3	0
22609	14598	0	0
23104	14598	4	0
23104	14598	4	0
23104	14598	1	0
22604	14598	0	0
23102	14598	1	0
22616	14598	2	0
22616	15099	2	0
22616	15599	1	0
22119	15599	2	0
22119	16099	4	0
22119	16099	4	0
22119	16099	1	0
21639	16099	2	0
21639	16586	4	0
21639	16586	1	0
21136	16586	2	0
21136	17077	0	0
21637	17077	0	0
22140	17077	1	0
21638	17077	4	0
21638	17077	4	0
21638	17077	2	0
21638	17574	3	0
21638	17070	3	0
21638	16571	3	0
21638	16072	4	0
21638	16072	4	0
21638	16072	3	0
21638	15562	1	0
21143	15562	1	0
20644	15562	3	0
20644	15065	1	0
20148	15065	1	0
19652	15065	1	0
19147	15065	4	0
19147	15065	0	0
19659	15065	3	0
19659	14569	4	0
19659	14569	4	0
19659	14569	2	0
19659	15068	1	0
19174	15068	1	0
18681	15068	1	0
18191	15068	0	0
18688	15068	0	0
19183	15068	2	0
19183	15571	3	0
19183	15070	2	0
19183	15569	3	0
19183	15063	1	0
18686	15063	1	0
18187	15063	3	0
18187	14572	0	0
18689	14572	2	0
18689	15071	3	0
18689	14574	2	0
18689	15070	4	0
18689	15070	1	0
18190	15070	0	0
18692	15070	2	0
18692	15568	2	0
18692	16068	2	0
18692	16560	1	0
18206	16560	4	0
18206	16560	1	0
17703	16560	1	0
17215	16560	2	0
17215	17061	1	0
16722	17061	4	0
16722	17061	0	0
17207	17061	2	0
17207	17555	0	0
17706	17555	3	0
17706	17056	1	0
17206	17056	4	0
17206	17056	0	0
17707	17056	4	0
17707	17056	1	0
17209	17056	1	0
16717	17056	4	0
16717	17056	2	0
16717	17552	1	0
16226	17552	0	0
16714	17552	1	0
16215	17552	4	0
16215	17552	1	0
15731	17552	1	0
15241	17552	3	0
15241	17059	2	0
15241	17565	1	0
14745	17565	4	0
14745	17565	2	0
14745	18062	2	0
14745	18561	3	0
14745	18055	0	0
15239	18055	1	0
14750	18055	0	0
15243	18055	3	0
15243	17556	2	0
15243	18058	2	0
15243	18559	0	0
15748	18559	3	0
15748	18073	1	0
15263	18073	4	0
15263	18073	0	0
15749	18073	1	0
15259	18073	3	0
15259	17575	0	0
15754	17575	1	0
15251	17575	2	0
15251	18075	2	0
15251	18577	0	0
15738	18577	4	0
15738	18577	0	0
16218	18577	1	0
15724	18577	1	0
15233	18577	1	0
14733	18577	3	0
14733	18067	3	0
14733	17572	3	0
14733	17076	2	0
14733	17578	4	0
14733	17578	3	0
14733	17076	0	0
15228	17076	1	0
14730	17076	4	0
14730	17076	4	0
14730	17076	0	0
15227	17076	0	0
15717	17076	3	0
15717	16581	4	0
15717	16581	4	0
15717	16581	4	0
15717	16581	3	0
15717	16091	1	0
15207	16091	1	0
14718	16091	0	0
15211	16091	1	0
14720	16091	4	0
14720	16091	3	0
14720	15600	2	0
14720	16098	0	0
15215	16098	1	0
14723	16098	1	0
14233	16098	4	0
14233	16098	4	0
14233	16098	4	0
14233	16098	3	0
14233	15596	0	0
14729	15596	0	0
15218	15596	0	0
15714	15596	4	0
15714	15596	1	0
15215	15596	1	0
14719	15596	4	0
14719	15596	2	0
14719	16086	2	0
14719	16581	3	0
14719	16084	0	0
15227	16084	4	0
15227	16084	2	0
15227	16576	0	0
15727	16576	1	0
15237	16576	3	0
15237	16070	1	0
14735	16070	4	0
14735	16070	0	0
15247	16070	2	0
15247	16581	3	0
15247	16085	1	0
14755	16085	1	0
14257	16085	0	0
14764	16085	1	0
14267	16085	4	0
14267	16085	3	0
14267	15593	1	0
13762	15593	2	0
13762	16094	2	0
13762	16587	3	0
13762	16092	4	0
13762	16092	1	0
13268	16092	2	0
13268	16590	0	0
13761	16590	1	0
13264	16590	0	0
13746	16590	4	0
13746	16590	3	0
13746	16100	1	0
13247	16100	3	0
13247	15601	4	0
13247	15601	0	0
13747	15601	4	0
13747	15601	2	0
13747	16102	3	0
13747	15620	1	0
13242	15620	1	0
12753	15620	0	0
13251	15620	4	0
13251	15620	1	0
12748	15620	1	0
12253	15620	0	0
12755	15620	4	0
12755	15620	0	0
13242	15620	2	0
13242	16116	1	0
12728	16116	3	0
12728	15608	4	0
12728	15608	0	0
13220	15608	1	0
12716	15608	4	0
12716	15608	1	0
12218	15608	1	0
11722	15608	0	0
12214	15608	4	0
12214	15608	2	0
12214	16100	0	0
12712	16100	1	0
12224	16100	0	0
12737	16100	4	0
12737	16100	4	0
12737	16100	2	0
12737	16591	3	0
12737	16096	3	0
12737	15591	3	0
12737	15102	1	0
12233	15102	2	0
12233	15605	2	0
12233	16102	1	0
11721	16102	2	0
11721	16594	2	0
11721	17079	1	0
11218	17079	1	0
10734	17079	2	0
10734	17580	3	0
10734	17083	0	0
11239	17083	1	0
10732	17083	1	0
10230	17083	1	0
9723	17083	4	0
9723	17083	2	0
9723	17583	0	0
10224	17583	2	0
10224	18081	4	0
10224	18081	3	0
10224	17592	4	0
10224	17592	0	0
10722	17592	1	0
10227	17592	4	0
10227	17592	0	0
10726	17592	3	0
10726	17104	0	0
11224	17104	0	0
11709	17104	2	0
11709	17610	2	0
11709	18106	2	0
11709	18615	4	0
11709	18615	3	0
11709	18123	0	0
12201	18123	2	0
12201	18634	1	0
11716	18634	2	0
11716	19131	3	0
11716	18626	1	0
11212	18626	2	0
11212	19135	3	0
11212	18638	2	0
11212	19126	4	0
11212	19126	4	0
11212	19126	3	0
11212	18628	0	0
11715	18628	1	0
11210	18628	3	0
11210	18137	0	0
11706	18137	4	0
11706	18137	2	0
11706	18642	2	0
11706	19149	2	0
11706	19635	0	0
12191	19635	2	0
12191	20130	0	0
12690	20130	3	0
12690	19639	4	0
12690	19639	3	0
12690	19139	3	0
12690	18632	0	0
13193	18632	2	0
13193	19137	3	0
13193	18648	1	0
12697	18648	0	0
13192	18648	0	0
13698	18648	0	0
14201	18648	0	0
14689	18648	0	0
15184	18648	4	0
15184	18648	3	0
15184	18157	2	0
15184	18654	0	0
15685	18654	4	0
15685	18654	0	0
16191	18654	2	0
16191	19145	2	0
16191	19632	2	0
16191	20130	1	0
15700	20130	1	0
15210	20130	3	0
15210	19625	1	0
14709	19625	4	0
14709	19625	2	0
14709	20123	0	0
15211	20123	4	0
15211	20123	0	0
15714	20123	3	0
15714	19625	2	0
15714	20127	0	0
16216	20127	2	0
16216	20626	3	0
16216	20144	3	0
16216	19652	4	0
16216	19652	3	0
16216	19159	4	0
16216	19159	0	0
16714	19159	0	0
17220	19159	0	0
17719	19159	2	0
17719	19661	2	0
17719	20148	3	0
17719	19658	2	0
17719	20157	4	0
17719	20157	0	0
18197	20157	2	0
18197	20663	2	0
18197	21153	1	0
17695	21153	4	0
17695	21153	1	0
17199	21153	2	0
17199	21654	4	0
17199	21654	1	0
16707	21654	0	0
17191	21654	2	0
17191	22156	3	0
17191	21672	4	0
17191	21672	4	0
17191	21672	3	0
17191	21172	4	0
17191	21172	1	0
16701	21172	2	0
16701	21672	0	0
17189	21672	1	0
16693	21672	4	0
16693	21672	4	0
16693	21672	1	0
16197	21672	0	0
16703	21672	3	0
16703	21186	1	0
16207	21186	3	0
16207	20697	0	0
16696	20697	2	0
16696	21184	0	0
17196	21184	0	0
17696	21184	1	0
17186	21184	0	0
17683	21184	2	0
17683	21676	1	0
17181	21676	4	0
17181	21676	1	0
16679	21676	3	0
16679	21180	4	0
16679	21180	1	0
16191	21180	0	0
16688	21180	1	0
16185	21180	2	0
16185	21674	3	0
16185	21177	0	0
16688	21177	3	0
16688	20675	4	0
16688	20675	0	0
17192	20675	0	0
17698	20675	3	0
17698	20188	1	0
17208	20188	2	0
17208	20686	0	0
17706	20686	1	0
17198	20686	4	0
17198	20686	2	0
17198	21193	0	0
17689	21193	1	0
17188	21193	2	0
17188	21682	2	0
17188	22184	3	0
17188	21694	1	0
16683	21694	0	0
17181	21694	0	0
17684	21694	2	0
17684	22190	0	0
18191	22190	2	0
18191	22681	1	0
17698	22681	2	0
17698	23168	2	0
17698	23668	2	0
17698	24170	1	0
17204	24170	0	0
17687	24170	3	0
17687	23681	4	0
17687	23681	3	0
17687	23190	3	0
17687	22686	1	0
17188	22686	0	0
17684	22686	0	0
18175	22686	3	0
18175	22195	2	0
18175	22686	4	0
18175	22686	1	0
17675	22686	2	0
17675	23179	0	0
18160	23179	1	0
17661	23179	3	0
17661	22665	1	0
17153	22665	4	0
17153	22665	3	0
17153	22162	3	0
17153	21675	2	0
17153	22165	4	0
17153	22165	3	0
17153	21680	2	0
17153	22165	1	0
16658	22165	4	0
16658	22165	1	0
16161	22165	2	0
16161	22660	4	0
16161	22660	4	0
16161	22660	3	0
16161	22169	3	0
16161	21674	3	0
16161	21178	0	0
16666	21178	3	0
16666	20680	0	0
17163	20680	3	0
17163	20179	0	0
17662	20179	3	0
17662	19694	4	0
17662	19694	2	0
17662	20192	1	0
17164	20192	4	0
17164	20192	3	0
17164	19704	1	0
16667	19704	1	0
16174	19704	2	0
16174	20213	1	0
15687	20213	2	0
15687	20704	3	0
15687	20202	3	0
15687	19694	1	0
15192	19694	1	0
14695	19694	1	0
14197	19694	3	0
14197	19185	4	0
14197	19185	2	0
14197	19684	0	0
14716	19684	1	0
14208	19684	1	0
13709	19684	1	0
13208	19684	3	0
13208	19185	3	0
13208	18685	3	0
13208	18190	1	0
12717	18190	1	0
12229	18190	3	0
12229	17688	4	0
12229	17688	2	0
12229	18186	1	0
11729	18186	0	0
12224	18186	3	0
12224	17683	3	0
12224	17191	1	0
11725	17191	2	0
11725	17686	0	0
12219	17686	0	0
12704	17686	0	0
13192	17686	0	0
13689	17686	0	0
14183	17686	0	0
14679	17686	1	0
14184	17686	4	0
14184	17686	4	0
14184	17686	1	0
13665	17686	1	0
13170	17686	4	0
13170	17686	3	0
13170	17180	4	0
13170	17180	3	0
13170	16701	1	0
12674	16701	1	0
12182	16701	3	0
12182	16215	1	0
11684	16215	4	0
11684	16215	1	0
11182	16215	0	0
11689	16215	4	0
11689	16215	4	0
11689	16215	4	0
11689	16215	1	0
11198	16215	1	0
10705	16215	0	0
11188	16215	2	0
11188	16711	3	0
11188	16206	1	0
10695	16206	3	0
10695	15717	2	0
10695	16212	2	0
10695	16706	1	0
10197	16706	2	0
10197	17189	0	0
10688	17189	4	0
10688	17189	3	0
10688	16680	1	0
10195	16680	1	0
9681	16680	2	0
9681	17180	2	0
9681	17672	3	0
9681	17161	2	0
9681	17661	4	0
9681	17661	3	0
9681	17168	2	0
9681	17660	3	0
9681	17170	2	0
9681	17673	0	0
10157	17673	3	0
10157	17176	4	0
10157	17176	3	0
10157	16676	0	0
10658	16676	4	0
10658	16676	3	0
10658	16175	0	0
11172	16175	2	0
11172	16673	3	0
11172	16183	4	0
11172	16183	1	0
10669	16183	1	0
10168	16183	0	0
10670	16183	4	0
10670	16183	0	0
11165	16183	4	0
11165	16183	3	0
11165	15692	3	0
11165	15195	0	0
11663	15195	3	0
11663	14707	3	0
11663	14210	0	0
12156	14210	3	0
12156	13705	0	0
12645	13705	1	0
12155	13705	1	0
11649	13705	4	0
11649	13705	1	0
11155	13705	3	0
11155	13202	2	0
11155	13686	1	0
10664	13686	3	0
10664	13197	2	0
10664	13705	1	0
10166	13705	3	0
10166	13214	2	0
10166	13705	2	0
10166	14196	3	0
10166	13701	3	0
10166	13216	3	0
10166	12722	3	0
10166	12224	1	0
9681	12224	3	0
9681	11731	0	0
10180	11731	4	0
10180	11731	2	0
10180	12236	3	0
10180	11741	0	0
10679	11741	0	0
11170	11741	3	0
11170	11236	0	0
11669	11236	2	0
11669	11717	3	0
11669	11230	2	0
11669	11717	0	0
12166	11717	1	0
11666	11717	3	0
11666	11221	0	0
12162	11221	0	0
12664	11221	1	0
12172	11221	0	0
12658	11221	0	0
13147	11221	3	0
13147	10737	1	0
12658	10737	2	0
12658	11234	0	0
13166	11234	2	0
13166	11734	1	0
12668	11734	0	0
13161	11734	4	0
13161	11734	3	0
13161	11240	1	0
12668	11240	3	0
12668	10749	2	0
12668	11238	1	0
12169	11238	2	0
12169	11736	2	0
12169	12242	3	0
12169	11742	1	0
11667	11742	0	0
12149	11742	0	0
12647	11742	1	0
12152	11742	3	0
12152	11246	4	0
12152	11246	1	0
11640	11246	0	0
12139	11246	0	0
12627	11246	0	0
13127	11246	2	0
13127	11747	2	0
13127	12248	1	0
12632	12248	3	0
12632	11740	0	0
13120	11740	1	0
12630	11740	4	0
12630	11740	0	0
13138	11740	0	0
13648	11740	4	0
13648	11740	4	0
13648	11740	3	0
13648	11240	3	0
13648	10740	0	0
14153	10740	3	0
14153	10225	0	0
14662	10225	1	0
14165	10225	2	0
14165	10715	4	0
14165	10715	3	0
14165	10222	1	0
13662	10222	4	0
13662	10222	3	0
13662	9723	4	0
13662	9723	0	0
14145	9723	4	0
14145	9723	4	0
14145	9723	4	0
14145	9723	4	0
14145	9723	1	0
13638	9723	4	0
13638	9723	4	0
13638	9723	1	0
13140	9723	1	0
12636	9723	2	0
12636	10217	2	0
12636	10713	2	0
12636	11217	2	0
12636	11717	3	0
12636	11216	0	0
13128	11216	3	0
13128	10719	4	0
13128	10719	1	0
12635	10719	3	0
12635	10228	0	0
13130	10228	4	0
13130	10228	2	0
13130	10728	2	0
13130	11235	1	0
12627	11235	3	0
12627	10741	0	0
13126	10741	1	0
12631	10741	4	0
12631	10741	4	0
12631	10741	2	0
12631	11235	1	0
12132	11235	1	0
11628	11235	2	0
11628	11738	3	0
11628	11235	0	0
12126	11235	3	0
12126	10735	0	0
12604	10735	3	0
12604	10239	1	0
12112	10239	1	0
11617	10239	3	0
11617	9743	2	0
11617	10237	1	0
11119	10237	2	0
11119	10736	4	0
11119	10736	4	0
11119	10736	1	0
10623	10736	4	0
10623	10736	1	0
10132	10736	2	0
10132	11241	3	0
10132	10739	3	0
10132	10238	4	0
10132	10238	0	0
10634	10238	3	0
10634	9733	0	0
11120	9733	4	0
11120	9733	2	0
11120	10228	1	0
10620	10228	0	0
11116	10228	0	0
11619	10228	1	0
11127	10228	0	0
11629	10228	0	0
12123	10228	1	0
11627	10228	1	0
11145	10228	4	0
11145	10228	4	0
11145	10228	0	0
11647	10228	2	0
11647	10727	0	0
12139	10727	0	0
12634	10727	3	0
12634	10228	2	0
12634	10721	4	0
12634	10721	4	0
12634	10721	0	0
13136	10721	2	0
13136	11210	0	0
13640	11210	0	0
14131	11210	4	0
14131	11210	1	0
13634	11210	0	0
14126	11210	4	0
14126	11210	2	0
14126	11714	0	0
14628	11714	1	0
14121	11714	2	0
14121	12229	3	0
14121	11725	4	0
14121	11725	4	0
14121	11725	0	0
14614	11725	1	0
14126	11725	0	0
14622	11725	3	0
14622	11217	0	0
15121	11217	4	0
15121	11217	0	0
15627	11217	1	0
15124	11217	3	0
15124	10721	3	0
15124	10230	1	0
14627	10230	2	0
14627	10718	2	0
14627	11208	0	0
15125	11208	1	0
14615	11208	3	0
14615	10720	0	0
15116	10720	1	0
14624	10720	4	0
14624	10720	1	0
14127	10720	3	0
14127	10228	4	0
14127	10228	3	0
14127	9736	1	0
13626	9736	0	0
14133	9736	3	0
14133	9229	4	0
14133	9229	4	0
14133	9229	1	0
13629	9229	3	0
13629	8734	4	0
13629	8734	1	0
13128	8734	3	0
13128	8228	3	0
13128	7726	2	0
13128	8218	0	0
13623	8218	3	0
13623	7722	0	0
14124	7722	4	0
14124	7722	0	0
14621	7722	3	0
14621	7224	3	0
14621	6723	3	0
14621	6237	4	0
14621	6237	3	0
14621	5757	1	0
14125	5757	2	0
14125	6255	3	0
14125	5762	1	0
13628	5762	4	0
13628	5762	1	0
13134	5762	4	0
13134	5762	3	0
13134	5252	4	0
13134	5252	0	0
13619	5252	3	0
13619	4753	2	0
13619	5248	3	0
13619	4755	0	0
14123	4755	3	0
14123	4251	2	0
14123	4750	0	0
14614	4750	3	0
14614	4252	3	0
14614	3758	1	0
14119	3758	1	0
13613	3758	0	0
14111	3758	4	0
14111	3758	2	0
14111	4254	0	0
14604	4254	2	0
14604	4750	2	0
14604	5240	4	0
14604	5240	0	0
15107	5240	0	0
15601	5240	4	0
15601	5240	3	0
15601	4746	3	0
15601	4249	0	0
16105	4249	3	0
16105	3751	0	0
16612	3751	2	0
16612	4248	1	0
16113	4248	4	0
16113	4248	0	0
16606	4248	0	0
17111	4248	1	0
16614	4248	3	0
16614	3750	1	0
16116	3750	3	0
16116	3253	1	0
15617	3253	3	0
15617	2754	4	0
15617	2754	2	0
15617	3264	1	0
15112	3264	4	0
15112	3264	4	0
15112	3264	4	0
15112	3264	1	0
14618	3264	0	0
15124	3264	4	0
15124	3264	3	0
15124	2767	1	0
14630	2767	3	0
14630	2272	1	0
14131	2272	1	0
13637	2272	0	0
14138	2272	4	0
14138	2272	0	0
14639	2272	3	0
14639	1775	2	0
14639	2275	4	0
14639	2275	4	0
14639	2275	1	0
14141	2275	0	0
14630	2275	3	0
14630	1787	2	0
14630	2290	1	0
14126	2290	2	0
14126	2775	0	0
14619	2775	0	0
15112	2775	2	0
15112	3278	4	0
15112	3278	3	0
15112	2785	0	0
15605	2785	2	0
15605	3284	3	0
15605	2776	1	0
15102	2776	1	0
14608	2776	4	0
14608	2776	4	0
14608	2776	2	0
14608	3284	3	0
14608	2778	0	0
15096	2778	4	0
15096	2778	3	0
15096	2277	4	0
15096	2277	2	0
15096	2776	1	0
14583	2776	2	0
14583	3272	2	0
14583	3768	3	0
14583	3263	1	0
14079	3263	3	0
14079	2776	4	0
14079	2776	0	0
14580	2776	1	0
14067	2776	0	0
14571	2776	4	0
14571	2776	3	0
14571	2286	1	0
14065	2286	4	0
14065	2286	4	0
14065	2286	3	0
14065	1790	1	0
13563	1790	2	0
13563	2289	2	0
13563	2776	4	0
13563	2776	4	0
13563	2776	1	0
13055	2776	0	0
13547	2776	4	0
13547	2776	4	0
13547	2776	1	0
13061	2776	3	0
13061	2274	1	0
12573	2274	4	0
12573	2274	0	0
13065	2274	1	0
12550	2274	0	0
13043	2274	4	0
13043	2274	3	0
13043	1779	2	0
13043	2289	2	0
13043	2787	3	0
13043	2275	3	0
13043	1786	2	0
13043	2282	0	0
13544	2282	0	0
14043	2282	1	0
13532	2282	4	0
13532	2282	3	0
13532	1789	4	0
13532	1789	2	0
13532	2291	4	0
13532	2291	4	0
13532	2291	0	0
14032	2291	0	0
14528	2291	4	0
14528	2291	4	0
14528	2291	0	0
15024	2291	4	0
15024	2291	4	0
15024	2291	1	0
14528	2291	4	0
14528	2291	1	0
14033	2291	3	0
14033	1780	3	0
14033	1271	3	0
14033	753	4	0
14033	753	3	0
14033	260	0	0
14542	260	4	0
14542	260	2	0
14542	746	3	0
14542	239	4	0
14542	239	4	0
14542	239	2	0
14542	732	2	0
14542	1231	4	0
14542	1231	1	0
14041	1231	2	0
14041	1714	3	0
14041	1218	0	0
14531	1218	0	0
15035	1218	2	0
15035	1718	0	0
15541	1718	3	0
15541	1232	3	0
15541	752	4	0
15541	752	0	0
16037	752	2	0
16037	1241	1	0
15539	1241	4	0
15539	1241	2	0
15539	1728	3	0
15539	1238	2	0
15539	1737	0	0
16049	1737	1	0
15556	1737	2	0
15556	2239	4	0
15556	2239	3	0
15556	1736	4	0
15556	1736	4	0
15556	1736	2	0
15556	2226	1	0
15063	2226	2	0
15063	2736	4	0
15063	2736	3	0
15063	2224	1	0
14576	2224	3	0
14576	1728	1	0
14082	1728	0	0
14568	1728	4	0
14568	1728	0	0
15061	1728	3	0
15061	1243	0	0
15560	1243	0	0
16068	1243	1	0
15579	1243	1	0
15093	1243	0	0
15594	1243	1	0
15100	1243	2	0
15100	1750	1	0
14596	1750	2	0
14596	2246	4	0
14596	2246	2	0
14596	2737	3	0
14596	2240	4	0
14596	2240	0	0
15097	2240	0	0
15605	2240	0	0
16095	2240	3	0
16095	1738	1	0
15589	1738	3	0
15589	1249	2	0
15589	1733	4	0
15589	1733	3	0
15589	1239	2	0
15589	1736	1	0
15090	1736	4	0
15090	1736	3	0
15090	1225	4	0
15090	1225	3	0
15090	729	3	0
15090	224	2	0
15090	723	3	0
15090	228	1	0
14585	228	4	0
14585	228	0	0
15078	228	1	0
14587	228	1	0
14094	228	0	0
14599	228	0	0
15094	228	4	0
15094	228	4	0
15094	228	1	0
14594	228	4	0
14594	228	4	0
14594	228	4	0
14594	228	2	0
14594	730	1	0
14088	730	3	0
14088	227	4	0
14088	227	2	0
14088	719	4	0
14088	719	2	0
14088	1221	2	0
14088	1721	3	0
14088	1217	2	0
14088	1711	0	0
14581	1711	1	0
14089	1711	2	0
14089	2201	1	0
13580	2201	4	0
13580	2201	3	0
13580	1712	1	0
13091	1712	3	0
13091	1211	2	0
13091	1704	1	0
12589	1704	3	0
12589	1194	0	0
13094	1194	4	0
13094	1194	3	0
13094	705	2	0
13094	1207	2	0
13094	1711	0	0
13593	1711	4	0
13593	1711	2	0
13593	2214	1	0
13093	2214	4	0
13093	2214	4	0
13093	2214	3	0
13093	1708	2	0
13093	2206	0	0
13589	2206	0	0
14089	2206	1	0
13585	2206	1	0
13069	2206	0	0
13571	2206	4	0
13571	2206	0	0
14061	2206	0	0
14556	2206	4	0
14556	2206	1	0
14066	2206	0	0
14557	2206	1	0
14058	2206	0	0
14562	2206	3	0
14562	1712	0	0
15055	1712	2	0
15055	2201	4	0
15055	2201	0	0
15544	2201	1	0
15047	2201	1	0
14548	2201	2	0
14548	2699	2	0
14548	3207	3	0
14548	2709	0	0
15036	2709	1	0
14538	2709	1	0
14033	2709	0	0
14532	2709	0	0
15020	2709	2	0
15020	3191	0	0
15514	3191	2	0
15514	3679	3	0
15514	3193	3	0
15514	2700	4	0
15514	2700	3	0
15514	2218	2	0
15514	2712	0	0
16009	2712	0	0
16505	2712	1	0
15996	2712	2	0
15996	3222	1	0
15509	3222	4	0
15509	3222	1	0
15008	3222	4	0
15008	3222	4	0
15008	3222	4	0
15008	3222	0	0
15508	3222	4	0
15508	3222	3	0
15508	2723	1	0
15014	2723	4	0
15014	2723	3	0
15014	2221	2	0
15014	2728	4	0
15014	2728	2	0
15014	3226	1	0
14532	3226	0	0
15029	3226	1	0
14525	3226	3	0
14525	2724	0	0
15023	2724	3	0
15023	2227	2	0
15023	2721	1	0
14509	2721	2	0
14509	3224	2	0
14509	3721	0	0
15004	3721	4	0
15004	3721	1	0
14515	3721	1	0
14013	3721	0	0
14511	3721	2	0
14511	4209	2	0
14511	4690	0	0
14996	4690	2	0
14996	5197	2	0
14996	5688	4	0
14996	5688	1	0
14493	5688	1	0
14005	5688	1	0
13515	5688	2	0
13515	6185	0	0
14014	6185	1	0
13522	6185	2	0
13522	6683	0	0
14016	6683	2	0
14016	7195	4	0
14016	7195	4	0
14016	7195	3	0
14016	6699	4	0
14016	6699	1	0
13511	6699	0	0
13998	6699	1	0
13497	6699	0	0
13993	6699	2	0
13993	7198	3	0
13993	6682	0	0
14491	6682	1	0
13996	6682	2	0
13996	7183	1	0
13505	7183	0	0
14005	7183	0	0
14487	7183	2	0
14487	7683	1	0
13999	7683	3	0
13999	7189	0	0
14494	7189	0	0
15003	7189	0	0
15506	7189	4	0
15506	7189	2	0
15506	7696	2	0
15506	8191	1	0
15003	8191	4	0
15003	8191	3	0
15003	7701	2	0
15003	8202	0	0
15500	8202	2	0
15500	8699	4	0
15500	8699	1	0
14994	8699	0	0
15501	8699	1	0
15000	8699	2	0
15000	9192	2	0
15000	9683	2	0
15000	10198	2	0
15000	10687	0	0
15499	10687	2	0
15499	11182	2	0
15499	11678	4	0
15499	11678	1	0
15003	11678	0	0
15502	11678	1	0
15001	11678	0	0
15495	11678	2	0
15495	12176	2	0
15495	12662	2	0
15495	13150	2	0
15495	13653	4	0
15495	13653	1	0
14999	13653	0	0
15497	13653	4	0
15497	13653	1	0
15001	13653	3	0
15001	13153	4	0
15001	13153	2	0
15001	13641	2	0
15001	14143	4	0
15001	14143	4	0
15001	14143	0	0
15505	14143	1	0
15009	14143	0	0
15511	14143	4	0
15511	14143	2	0
15511	14656	0	0
16011	14656	2	0
16011	15136	1	0
15511	15136	0	0
15998	15136	3	0
15998	14624	2	0
15998	15125	0	0
16502	15125	0	0
16986	15125	2	0
16986	15623	2	0
16986	16127	1	0
16480	16127	1	0
15987	16127	1	0
15477	16127	0	0
15967	16127	1	0
15476	16127	0	0
15970	16127	3	0
15970	15638	0	0
16481	15638	3	0
16481	15134	0	0
16985	15134	0	0
17481	15134	2	0
17481	15632	1	0
16991	15632	4	0
16991	15632	0	0
17476	15632	4	0
17476	15632	1	0
16977	15632	3	0
16977	15131	4	0
16977	15131	2	0
16977	15620	4	0
16977	15620	2	0
16977	16125	4	0
16977	16125	3	0
16977	15627	1	0
16482	15627	1	0
15998	15627	3	0
15998	15123	3	0
15998	14628	0	0
16491	14628	3	0
16491	14127	0	0
16990	14127	2	0
16990	14620	3	0
16990	14119	0	0
17485	14119	2	0
17485	14618	1	0
16991	14618	3	0
16991	14123	0	0
17476	14123	1	0
16972	14123	2	0
16972	14617	0	0
17468	14617	4	0
17468	14617	3	0
17468	14118	4	0
17468	14118	2	0
17468	14610	1	0
16964	14610	4	0
16964	14610	0	0
17463	14610	4	0
17463	14610	3	0
17463	14101	4	0
17463	14101	0	0
17967	14101	1	0
17477	14101	3	0
17477	13599	4	0
17477	13599	2	0
17477	14104	4	0
17477	14104	4	0
17477	14104	4	0
17477	14104	4	0
17477	14104	3	0
17477	13606	4	0
17477	13606	3	0
17477	13103	1	0
16977	13103	4	0
16977	13103	4	0
16977	13103	1	0
16481	13103	4	0
16481	13103	2	0
16481	13594	0	0
16979	13594	4	0
16979	13594	1	0
16488	13594	1	0
16001	13594	1	0
15501	13594	2	0
15501	14075	4	0
15501	14075	4	0
15501	14075	4	0
15501	14075	1	0
15003	14075	0	0
15506	14075	2	0
15506	14571	1	0
15003	14571	2	0
15003	15072	1	0
14503	15072	1	0
14008	15072	4	0
14008	15072	4	0
14008	15072	0	0
14503	15072	0	0
14987	15072	0	0
15475	15072	2	0
15475	15564	4	0
15475	15564	2	0
15475	16057	1	0
14985	16057	3	0
14985	15553	1	0
14488	15553	3	0
14488	15060	3	0
14488	14559	3	0
14488	14062	3	0
14488	13557	4	0
14488	13557	2	0
14488	14056	1	0
13985	14056	1	0
13491	14056	4	0
13491	14056	0	0
13987	14056	3	0
13987	13557	2	0
13987	14053	4	0
13987	14053	2	0
13987	14558	0	0
14483	14558	1	0
13987	14558	3	0
13987	14078	2	0
13987	14585	4	0
13987	14585	0	0
14477	14585	2	0
14477	15076	2	0
14477	15577	2	0
14477	16076	1	0
13982	16076	1	0
13479	16076	3	0
13479	15572	0	0
13977	15572	3	0
13977	15065	4	0
13977	15065	3	0
13977	14558	2	0
13977	15062	4	0
13977	15062	1	0
13474	15062	1	0
12974	15062	2	0
12974	15564	4	0
12974	15564	0	0
13457	15564	3	0
13457	15074	4	0
13457	15074	3	0
13457	14566	2	0
13457	15058	0	0
13955	15058	2	0
13955	15562	1	0
13462	15562	4	0
13462	15562	2	0
13462	16057	0	0
13958	16057	1	0
13470	16057	1	0
12961	16057	0	0
13462	16057	1	0
12963	16057	4	0
12963	16057	2	0
12963	16554	1	0
12462	16554	4	0
12462	16554	0	0
12956	16554	4	0
12956	16554	3	0
12956	16070	0	0
13451	16070	3	0
13451	15580	3	0
13451	15077	2	0
13451	15578	0	0
13956	15578	3	0
13956	15085	4	0
13956	15085	0	0
14457	15085	1	0
13957	15085	3	0
13957	14586	0	0
14445	14586	2	0
14445	15071	4	0
14445	15071	0	0
14941	15071	2	0
14941	15580	2	0
14941	16080	4	0
14941	16080	0	0
15432	16080	3	0
15432	15575	1	0
14929	15575	2	0
14929	16063	0	0
15428	16063	0	0
15924	16063	4	0
15924	16063	4	0
15924	16063	4	0
15924	16063	2	0
15924	16567	1	0
15413	16567	4	0
15413	16567	1	0
14911	16567	4	0
14911	16567	1	0
14413	16567	2	0
14413	17061	3	0
14413	16570	2	0
14413	17060	3	0
14413	16566	2	0
14413	17063	0	0
14906	17063	4	0
14906	17063	0	0
15397	17063	0	0
15899	17063	3	0
15899	16564	2	0
15899	17064	2	0
15899	17566	4	0
15899	17566	4	0
15899	17566	2	0
15899	18059	0	0
16405	18059	0	0
16908	18059	2	0
16908	18552	3	0
16908	18046	4	0
16908	18046	4	0
16908	18046	2	0
16908	18537	1	0
16417	18537	2	0
16417	19039	2	0
16417	19528	0	0
16926	19528	3	0
16926	19035	2	0
16926	19533	4	0
16926	19533	3	0
16926	19045	2	0
16926	19540	0	0
17427	19540	1	0
16937	19540	3	0
16937	19047	4	0
16937	19047	3	0
16937	18554	0	0
17429	18554	0	0
17927	18554	0	0
18425	18554	4	0
18425	18554	0	0
18917	18554	2	0
18917	19054	3	0
18917	18555	4	0
18917	18555	0	0
19423	18555	0	0
19917	18555	2	0
19917	19041	2	0
19917	19545	3	0
19917	19049	4	0
19917	19049	2	0
19917	19547	1	0
19416	19547	0	0
19917	19547	0	0
20424	19547	3	0
20424	19043	3	0
20424	18555	0	0
20919	18555	0	0
21418	18555	1	0
20912	18555	4	0
20912	18555	4	0
20912	18555	0	0
21416	18555	2	0
21416	19054	1	0
20910	19054	1	0
20419	19054	4	0
20419	19054	2	0
20419	19555	1	0
19925	19555	0	0
20426	19555	0	0
20905	19555	3	0
20905	19056	2	0
20905	19562	3	0
20905	19056	4	0
20905	19056	3	0
20905	18558	4	0
20905	18558	3	0
20905	18062	1	0
20411	18062	4	0
20411	18062	0	0
20899	18062	3	0
20899	17560	2	0
20899	18049	3	0
20899	17562	3	0
20899	17070	1	0
20400	17070	1	0
19888	17070	3	0
19888	16572	0	0
20394	16572	2	0
20394	17064	2	0
20394	17543	2	0
20394	18030	4	0
20394	18030	0	0
20893	18030	1	0
20392	18030	1	0
19899	18030	0	0
20387	18030	3	0
20387	17525	0	0
20878	17525	2	0
20878	18018	1	0
20384	18018	0	0
20889	18018	0	0
21375	18018	0	0
21869	18018	1	0
21375	18018	3	0
21375	17532	1	0
20878	17532	1	0
20374	17532	0	0
20872	17532	0	0
21366	17532	3	0
21366	17037	0	0
21872	17037	4	0
21872	17037	3	0
21872	16550	2	0
21872	17042	0	0
22369	17042	3	0
22369	16546	2	0
22369	17036	4	0
22369	17036	1	0
21873	17036	1	0
21379	17036	2	0
21379	17513	2	0
21379	18004	3	0
21379	17503	0	0
21866	17503	4	0
21866	17503	0	0
22358	17503	1	0
21848	17503	1	0
21351	17503	3	0
21351	17007	3	0
21351	16509	4	0
21351	16509	2	0
21351	17010	4	0
21351	17010	0	0
21860	17010	2	0
21860	17498	0	0
22357	17498	3	0
22357	17007	4	0
22357	17007	3	0
22357	16515	3	0
22357	16016	4	0
22357	16016	2	0
22357	16517	0	0
22857	16517	4	0
22857	16517	4	0
22857	16517	3	0
22857	16023	0	0
23359	16023	3	0
23359	15510	4	0
23359	15510	1	0
22867	15510	3	0
22867	15008	4	0
22867	15008	3	0
22867	14508	3	0
22867	14009	1	0
22374	14009	0	0
22871	14009	2	0
22871	14494	3	0
22871	13994	4	0
22871	13994	2	0
22871	14490	1	0
22377	14490	0	0
22870	14490	1	0
22373	14490	2	0
22373	14990	3	0
22373	14486	2	0
22373	14994	1	0
21887	14994	4	0
21887	14994	2	0
21887	15479	1	0
21398	15479	3	0
21398	14978	4	0
21398	14978	4	0
21398	14978	3	0
21398	14487	0	0
21894	14487	3	0
21894	13995	4	0
21894	13995	3	0
21894	13500	0	0
22399	13500	1	0
21902	13500	3	0
21902	13000	4	0
21902	13000	4	0
21902	13000	1	0
21413	13000	0	0
21905	13000	2	0
21905	13495	2	0
21905	14007	4	0
21905	14007	2	0
21905	14511	0	0
22396	14511	3	0
22396	14009	1	0
21894	14009	2	0
21894	14503	2	0
21894	15006	2	0
21894	15497	0	0
22394	15497	0	0
22892	15497	2	0
22892	15983	1	0
22394	15983	0	0
22895	15983	0	0
23388	15983	1	0
22880	15983	2	0
22880	16476	1	0
22381	16476	3	0
22381	15990	2	0
22381	16485	4	0
22381	16485	3	0
22381	15980	4	0
22381	15980	0	0
22887	15980	3	0
22887	15485	4	0
22887	15485	2	0
22887	15981	3	0
22887	15493	2	0
22887	15986	0	0
23384	15986	2	0
23384	16490	0	0
23888	16490	0	0
24388	16490	4	0
24388	16490	3	0
24388	15990	0	0
24875	15990	3	0
24875	15484	4	0
24875	15484	4	0
24875	15484	3	0
24875	14978	3	0
24875	14496	4	0
24875	14496	1	0
24383	14496	3	0
24383	13980	2	0
24383	14479	1	0
23881	14479	1	0
23386	14479	3	0
23386	13969	2	0
23386	14465	3	0
23386	13971	0	0
23890	13971	4	0
23890	13971	4	0
23890	13971	1	0
23387	13971	0	0
23886	13971	3	0
23886	13468	4	0
23886	13468	2	0
23886	13966	0	0
24376	13966	1	0
23875	13966	4	0
23875	13966	0	0
24367	13966	1	0
23870	13966	3	0
23870	13467	2	0
23870	13977	2	0
23870	14487	2	0
23870	14976	3	0
23870	14486	2	0
23870	14985	4	0
23870	14985	4	0
23870	14985	3	0
23870	14487	4	0
23870	14487	1	0
23377	14487	1	0
22893	14487	0	0
23386	14487	4	0
23386	14487	4	0
23386	14487	2	0
23386	14983	4	0
23386	14983	1	0
22889	14983	0	0
23397	14983	1	0
22902	14983	2	0
22902	15476	4	0
22902	15476	0	0
23393	15476	0	0
23887	15476	3	0
23887	14984	0	0
24381	14984	1	0
23876	14984	3	0
23876	14489	2	0
23876	14988	0	0
24378	14988	3	0
24378	14503	4	0
24378	14503	0	0
24887	14503	2	0
24887	14988	3	0
24887	14483	4	0
24887	14483	1	0
24411	14483	0	0
24908	14483	3	0
24908	13985	1	0
24413	13985	0	0
24890	13985	2	0
24890	14468	4	0
24890	14468	4	0
24890	14468	1	0
24404	14468	3	0
24404	13966	0	0
24904	13966	2	0
24904	14464	1	0
24409	14464	4	0
24409	14464	4	0
24409	14464	3	0
24409	13968	1	0
23921	13968	4	0
23921	13968	1	0
23429	13968	3	0
23429	13483	2	0
23429	13983	1	0
22925	13983	3	0
22925	13477	1	0
22434	13477	0	0
22938	13477	0	0
23441	13477	3	0
23441	12974	1	0
22942	12974	1	0
22440	12974	2	0
22440	13468	3	0
22440	12970	0	0
22938	12970	3	0
22938	12476	4	0
22938	12476	3	0
22938	11978	0	0
23426	11978	3	0
23426	11473	1	0
22924	11473	2	0
22924	11975	0	0
23401	11975	1	0
22905	11975	3	0
22905	11483	0	0
23403	11483	1	0
22909	11483	2	0
22909	11984	0	0
23399	11984	4	0
23399	11984	2	0
23399	12477	3	0
23399	11978	4	0
23399	11978	4	0
23399	11978	2	0
23399	12476	1	0
22893	12476	3	0
22893	11980	2	0
22893	12474	4	0
22893	12474	2	0
22893	12975	3	0
22893	12478	0	0
23390	12478	1	0
22897	12478	0	0
23381	12478	2	0
23381	12973	4	0
23381	12973	1	0
22885	12973	1	0
22386	12973	2	0
22386	13477	0	0
22875	13477	0	0
23369	13477	0	0
23868	13477	2	0
23868	13970	4	0
23868	13970	4	0
23868	13970	2	0
23868	14460	1	0
23365	14460	0	0
23859	14460	1	0
23363	14460	2	0
23363	14956	2	0
23363	15449	3	0
23363	14947	0	0
23862	14947	2	0
23862	15440	4	0
23862	15440	4	0
23862	15440	2	0
23862	15941	3	0
23862	15446	3	0
23862	14963	1	0
23368	14963	1	0
22870	14963	4	0
22870	14963	0	0
23361	14963	4	0
23361	14963	1	0
22851	14963	3	0
22851	14458	3	0
22851	13951	3	0
22851	13460	4	0
22851	13460	1	0
22357	13460	4	0
22357	13460	2	0
22357	13951	1	0
21869	13951	1	0
21378	13951	1	0
20876	13951	2	0
20876	14459	0	0
21369	14459	4	0
21369	14459	4	0
21369	14459	1	0
20865	14459	3	0
20865	13955	0	0
21379	13955	2	0
21379	14456	4	0
21379	14456	2	0
21379	14959	4	0
21379	14959	2	0
21379	15467	0	0
21877	15467	2	0
21877	15962	0	0
22357	15962	2	0
22357	16467	1	0
21861	16467	2	0
21861	16962	3	0
21861	16472	2	0
21861	16963	2	0
21861	17449	0	0
22358	17449	4	0
22358	17449	3	0
22358	16952	2	0
22358	17445	2	0
22358	17951	4	0
22358	17951	0	0
22862	17951	3	0
22862	17461	3	0
22862	16965	1	0
22356	16965	0	0
22860	16965	0	0
23367	16965	0	0
23862	16965	1	0
23356	16965	0	0
23838	16965	3	0
23838	16471	0	0
24344	16471	0	0
24838	16471	4	0
24838	16471	0	0
25322	16471	0	0
25825	16471	0	0
26324	16471	0	0
26823	16471	2	0
26823	16969	1	0
26326	16969	2	0
26326	17469	2	0
26326	17965	0	0
26827	17965	2	0
26827	18482	1	0
26326	18482	4	0
26326	18482	0	0
26816	18482	4	0
26816	18482	3	0
26816	17988	3	0
26816	17495	2	0
26816	17997	0	0
27307	17997	1	0
26815	17997	3	0
26815	17497	2	0
26815	17999	0	0
27316	17999	1	0
26815	17999	1	0
26316	17999	2	0
26316	18494	1	0
25820	18494	0	0
26326	18494	3	0
26326	17993	4	0
26326	17993	3	0
26326	17492	1	0
25830	17492	1	0
25325	17492	1	0
24825	17492	3	0
24825	16993	4	0
24825	16993	4	0
24825	16993	0	0
25322	16993	4	0
25322	16993	2	0
25322	17494	0	0
25824	17494	1	0
25321	17494	3	0
25321	16999	3	0
25321	16509	2	0
25321	17003	2	0
25321	17498	0	0
25816	17498	2	0
25816	17995	0	0
26315	17995	3	0
26315	17505	2	0
26315	18011	4	0
26315	18011	4	0
26315	18011	0	0
26826	18011	2	0
26826	18509	1	0
26325	18509	1	0
25820	18509	4	0
25820	18509	3	0
25820	18009	2	0
25820	18497	1	0
25333	18497	0	0
25822	18497	3	0
25822	17998	1	0
25317	17998	1	0
24818	17998	0	0
25305	17998	0	0
25806	17998	0	0
26298	17998	4	0
26298	17998	2	0
26298	18487	4	0
26298	18487	3	0
26298	17990	1	0
25811	17990	1	0
25316	17990	0	0
25823	17990	4	0
25823	17990	4	0
25823	17990	3	0
25823	17483	2	0
25823	17978	1	0
25328	17978	0	0
25812	17978	0	0
26304	17978	3	0
26304	17474	3	0
26304	16989	0	0
26810	16989	2	0
26810	17496	4	0
26810	17496	4	0
26810	17496	4	0
26810	17496	0	0
27305	17496	0	0
27805	17496	3	0
27805	17000	2	0
27805	17493	2	0
27805	17990	3	0
27805	17493	1	0
27301	17493	1	0
26807	17493	3	0
26807	16989	3	0
26807	16498	2	0
26807	16986	3	0
26807	16492	4	0
26807	16492	0	0
27291	16492	3	0
27291	15988	1	0
26778	15988	2	0
26778	16489	4	0
26778	16489	4	0
26778	16489	4	0
26778	16489	0	0
27269	16489	2	0
27269	16985	3	0
27269	16486	3	0
27269	15987	4	0
27269	15987	2	0
27269	16478	3	0
27269	15987	4	0
27269	15987	1	0
26763	15987	1	0
26273	15987	1	0
25788	15987	4	0
25788	15987	2	0
25788	16478	3	0
25788	15960	3	0
25788	15451	2	0
25788	15943	3	0
25788	15444	2	0
25788	15931	1	0
25283	15931	4	0
25283	15931	4	0
25283	15931	0	0
25785	15931	0	0
26293	15931	0	0
26784	15931	1	0
26277	15931	4	0
26277	15931	0	0
26764	15931	3	0
26764	15426	0	0
27264	15426	2	0
27264	15928	1	0
26758	15928	1	0
26248	15928	4	0
26248	15928	4	0
26248	15928	3	0
26248	15436	3	0
26248	14947	2	0
26248	15432	2	0
26248	15926	3	0
26248	15433	3	0
26248	14927	0	0
26751	14927	3	0
26751	14430	4	0
26751	14430	2	0
26751	14915	2	0
26751	15397	1	0
26256	15397	1	0
25752	15397	3	0
25752	14903	2	0
25752	15408	4	0
25752	15408	3	0
25752	14909	3	0
25752	14412	1	0
25235	14412	2	0
25235	14908	0	0
25735	14908	3	0
25735	14416	3	0
25735	13925	2	0
25735	14421	4	0
25735	14421	3	0
25735	13926	2	0
25735	14412	2	0
25735	14912	1	0
25253	14912	2	0
25253	15402	1	0
24741	15402	0	0
25244	15402	0	0
25738	15402	1	0
25245	15402	0	0
25746	15402	0	0
26235	15402	1	0
25736	15402	0	0
26236	15402	3	0
26236	14911	4	0
26236	14911	4	0
26236	14911	2	0
26236	15414	1	0
25737	15414	2	0
25737	15897	2	0
25737	16377	0	0
26238	16377	3	0
26238	15885	0	0
26737	15885	2	0
26737	16395	4	0
26737	16395	3	0
26737	15886	1	0
26235	15886	4	0
26235	15886	3	0
26235	15392	2	0
26235	15888	4	0
26235	15888	0	0
26726	15888	3	0
26726	15392	1	0
26229	15392	4	0
26229	15392	3	0
26229	14895	4	0
26229	14895	1	0
25735	14895	2	0
25735	15400	1	0
25247	15400	3	0
25247	14899	2	0
25247	15402	3	0
25247	14889	3	0
25247	14387	3	0
25247	13895	4	0
25247	13895	1	0
24749	13895	1	0
24267	13895	3	0
24267	13388	3	0
24267	12900	1	0
23768	12900	1	0
23269	12900	0	0
23779	12900	2	0
23779	13405	3	0
23779	12920	0	0
24263	12920	2	0
24263	13422	0	0
24758	13422	2	0
24758	13925	0	0
25266	13925	2	0
25266	14425	2	0
25266	14914	4	0
25266	14914	3	0
25266	14417	1	0
24775	14417	1	0
24284	14417	0	0
24784	14417	3	0
24784	13923	3	0
24784	13420	0	0
25274	13420	4	0
25274	13420	3	0
25274	12915	3	0
25274	12413	1	0
24775	12413	0	0
25267	12413	0	0
25766	12413	4	0
25766	12413	0	0
26263	12413	3	0
26263	11920	4	0
26263	11920	4	0
26263	11920	1	0
25769	11920	3	0
25769	11410	2	0
25769	11910	3	0
25769	11404	0	0
26275	11404	0	0
26770	11404	0	0
27263	11404	3	0
27263	10912	4	0
27263	10912	0	0
27757	10912	3	0
27757	10396	4	0
27757	10396	0	0
28252	10396	0	0
28752	10396	2	0
28752	10903	4	0
28752	10903	3	0
28752	10401	1	0
28249	10401	4	0
28249	10401	3	0
28249	9908	0	0
28754	9908	0	0
29251	9908	0	0
29742	9908	2	0
29742	10404	1	0
29240	10404	2	0
29240	10902	1	0
28739	10902	4	0
28739	10902	4	0
28739	10902	2	0
28739	11400	1	0
28250	11400	2	0
28250	11903	0	0
28746	11903	1	0
28247	11903	3	0
28247	11413	3	0
28247	10908	0	0
28761	10908	4	0
28761	10908	3	0
28761	10415	2	0
28761	10899	2	0
28761	11397	0	0
29255	11397	3	0
29255	10907	3	0
29255	10404	1	0
28765	10404	3	0
28765	9900	4	0
28765	9900	4	0
28765	9900	3	0
28765	9406	2	0
28765	9898	4	0
28765	9898	0	0
29253	9898	2	0
29253	10397	2	0
29253	10901	1	0
28755	10901	3	0
28755	10416	4	0
28755	10416	1	0
28267	10416	3	0
28267	9913	3	0
28267	9418	1	0
27771	9418	1	0
27260	9418	4	0
27260	9418	0	0
27742	9418	1	0
27249	9418	1	0
26753	9418	4	0
26753	9418	1	0
26255	9418	1	0
25758	9418	4	0
25758	9418	1	0
25267	9418	3	0
25267	8939	2	0
25267	9430	3	0
25267	8933	0	0
25757	8933	2	0
25757	9434	2	0
25757	9924	3	0
25757	9417	3	0
25757	8923	1	0
25265	8923	3	0
25265	8416	3	0
25265	7916	2	0
25265	8414	3	0
25265	7912	4	0
25265	7912	0	0
25746	7912	0	0
26245	7912	4	0
26245	7912	2	0
26245	8416	2	0
26245	8909	0	0
26736	8909	2	0
26736	9408	3	0
26736	8923	4	0
26736	8923	4	0
26736	8923	0	0
27238	8923	3	0
27238	8424	1	0
26737	8424	2	0
26737	8925	1	0
26247	8925	0	0
26750	8925	0	0
27245	8925	4	0
27245	8925	4	0
27245	8925	2	0
27245	9441	2	0
27245	9926	3	0
27245	9431	0	0
27746	9431	4	0
27746	9431	1	0
27244	9431	2	0
27244	9932	4	0
27244	9932	1	0
26747	9932	0	0
27236	9932	2	0
27236	10429	3	0
27236	9919	1	0
26739	9919	3	0
26739	9414	1	0
26240	9414	4	0
26240	9414	1	0
25748	9414	0	0
26243	9414	1	0
25737	9414	3	0
25737	8912	0	0
26229	8912	1	0
25734	8912	4	0
25734	8912	1	0
25235	8912	3	0
25235	8419	1	0
24743	8419	3	0
24743	7924	4	0
24743	7924	3	0
24743	7431	3	0
24743	6919	3	0
24743	6415	1	0
24242	6415	3	0
24242	5917	1	0
23744	5917	3	0
23744	5422	3	0
23744	4928	4	0
23744	4928	3	0
23744	4433	1	0
23254	4433	2	0
23254	4926	2	0
23254	5433	1	0
22758	5433	3	0
22758	4934	0	0
23260	4934	0	0
23751	4934	0	0
24257	4934	4	0
24257	4934	1	0
23748	4934	0	0
24254	4934	4	0
24254	4934	1	0
23761	4934	2	0
23761	5435	3	0
23761	4935	3	0
23761	4427	2	0
23761	4921	0	0
24259	4921	4	0
24259	4921	4	0
24259	4921	2	0
24259	5422	1	0
23766	5422	2	0
23766	5922	1	0
23266	5922	2	0
23266	6431	3	0
23266	5924	4	0
23266	5924	0	0
23774	5924	4	0
23774	5924	0	0
24272	5924	3	0
24272	5440	3	0
24272	4935	0	0
24770	4935	2	0
24770	5436	4	0
24770	5436	4	0
24770	5436	0	0
25282	5436	4	0
25282	5436	3	0
25282	4948	3	0
25282	4445	0	0
25776	4445	0	0
26270	4445	3	0
26270	3944	2	0
26270	4430	1	0
25766	4430	0	0
26266	4430	4	0
26266	4430	2	0
26266	4929	1	0
25766	4929	3	0
25766	4432	4	0
25766	4432	3	0
25766	3934	4	0
25766	3934	1	0
25275	3934	1	0
24781	3934	1	0
24275	3934	2	0
24275	4437	3	0
24275	3934	1	0
23783	3934	4	0
23783	3934	4	0
23783	3934	1	0
23289	3934	1	0
22795	3934	3	0
22795	3434	0	0
23296	3434	0	0
23782	3434	4	0
23782	3434	4	0
23782	3434	4	0
23782	3434	2	0
23782	3943	4	0
23782	3943	3	0
23782	3448	4	0
23782	3448	4	0
23782	3448	1	0
23286	3448	0	0
23782	3448	0	0
24291	3448	4	0
24291	3448	4	0
24291	3448	0	0
24784	3448	4	0
24784	3448	4	0
24784	3448	4	0
24784	3448	4	0
24784	3448	2	0
24784	3949	3	0
24784	3437	1	0
24295	3437	0	0
24796	3437	4	0
24796	3437	3	0
24796	2936	4	0
24796	2936	0	0
25298	2936	0	0
25802	2936	4	0
25802	2936	2	0
25802	3437	4	0
25802	3437	3	0
25802	2937	3	0
25802	2438	2	0
25802	2932	3	0
25802	2427	1	0
25288	2427	0	0
25777	2427	3	0
25777	1935	2	0
25777	2434	1	0
25285	2434	3	0
25285	1936	3	0
25285	1444	2	0
25285	1949	4	0
25285	1949	3	0
25285	1459	3	0
25285	971	4	0
25285	971	0	0
25779	971	1	0
25285	971	1	0
24791	971	2	0
24791	1467	2	0
24791	1965	2	0
24791	2466	4	0
24791	2466	3	0
24791	1975	0	0
25285	1975	4	0
25285	1975	0	0
25780	1975	0	0
26282	1975	1	0
25782	1975	4	0
25782	1975	4	0
25782	1975	0	0
26282	1975	2	0
26282	2483	2	0
26282	2973	3	0
26282	2482	1	0
25781	2482	2	0
25781	2978	2	0
25781	3476	1	0
25280	3476	2	0
25280	3970	4	0
25280	3970	0	0
25768	3970	0	0
26271	3970	0	0
26769	3970	0	0
27259	3970	1	0
26757	3970	1	0
26258	3970	3	0
26258	3473	3	0
26258	2973	2	0
26258	3473	1	0
25768	3473	3	0
25768	2974	2	0
25768	3482	2	0
25768	3980	0	0
26264	3980	1	0
25776	3980	3	0
25776	3480	2	0
25776	3987	2	0
25776	4488	2	0
25776	4985	4	0
25776	4985	0	0
26276	4985	0	0
26772	4985	1	0
26278	4985	0	0
26777	4985	0	0
27279	4985	3	0
27279	4475	2	0
27279	4975	3	0
27279	4485	0	0
27771	4485	1	0
27278	4485	2	0
27278	4975	4	0
27278	4975	1	0
26784	4975	1	0
26285	4975	3	0
26285	4474	1	0
25794	4474	3	0
25794	3975	3	0
25794	3475	2	0
25794	3968	0	0
26284	3968	1	0
25793	3968	3	0
25793	3470	1	0
25289	3470	3	0
25289	2975	2	0
25289	3476	1	0
24795	3476	0	0
25298	3476	0	0
25790	3476	0	0
26283	3476	1	0
25776	3476	2	0
25776	3971	3	0
25776	3475	2	0
25776	3979	4	0
25776	3979	1	0
25286	3979	1	0
24785	3979	4	0
24785	3979	1	0
24287	3979	4	0
24287	3979	4	0
24287	3979	1	0
23791	3979	1	0
23287	3979	2	0
23287	4470	0	0
23792	4470	3	0
23792	3970	2	0
23792	4474	1	0
23298	4474	1	0
22794	4474	2	0
22794	4978	1	0
22298	4978	1	0
21807	4978	1	0
21317	4978	3	0
21317	4462	2	0
21317	4969	4	0
21317	4969	3	0
21317	4471	2	0
21317	4966	4	0
21317	4966	2	0
21317	5472	1	0
20814	5472	0	0
21320	5472	1	0
20816	5472	1	0
20314	5472	2	0
20314	5978	4	0
20314	5978	2	0
20314	6481	0	0
20810	6481	4	0
20810	6481	1	0
20314	6481	3	0
20314	5985	3	0
20314	5479	2	0
20314	5972	4	0
20314	5972	1	0
19817	5972	1	0
19325	5972	2	0
19325	6463	3	0
19325	5972	1	0
18845	5972	4	0
18845	5972	3	0
18845	5492	1	0
18337	5492	3	0
18337	4987	0	0
18829	4987	2	0
18829	5481	3	0
18829	4982	0	0
19337	4982	1	0
18838	4982	2	0
18838	5483	3	0
18838	4991	4	0
18838	4991	3	0
18838	4508	3	0
18838	3995	4	0
18838	3995	2	0
18838	4494	3	0
18838	3996	2	0
18838	4490	2	0
18838	4983	3	0
18838	4476	1	0
18336	4476	3	0
18336	3977	3	0
18336	3477	3	0
18336	2979	4	0
18336	2979	1	0
17844	2979	0	0
18345	2979	3	0
18345	2481	1	0
17847	2481	0	0
18342	2481	2	0
18342	2975	0	0
18849	2975	3	0
18849	2484	0	0
19351	2484	0	0
19843	2484	1	0
19339	2484	1	0
18842	2484	4	0
18842	2484	2	0
18842	2989	2	0
18842	3488	3	0
18842	2993	0	0
19337	2993	4	0
19337	2993	0	0
19836	2993	0	0
20337	2993	0	0
20838	2993	4	0
20838	2993	0	0
21336	2993	4	0
21336	2993	4	0
21336	2993	1	0
20833	2993	2	0
20833	3491	4	0
20833	3491	2	0
20833	3986	1	0
20328	3986	2	0
20328	4484	4	0
20328	4484	4	0
20328	4484	1	0
19835	4484	2	0
19835	4981	0	0
20335	4981	3	0
20335	4479	4	0
20335	4479	4	0
20335	4479	0	0
20827	4479	0	0
21328	4479	1	0
20823	4479	2	0
20823	4977	3	0
20823	4480	4	0
20823	4480	1	0
20335	4480	2	0
20335	4982	2	0
20335	5477	4	0
20335	5477	0	0
20837	5477	4	0
20837	5477	3	0
20837	4978	2	0
20837	5470	1	0
20356	5470	2	0
20356	5977	0	0
20856	5977	1	0
20348	5977	3	0
20348	5488	1	0
19862	5488	2	0
19862	5990	1	0
19365	5990	4	0
19365	5990	3	0
19365	5496	4	0
19365	5496	1	0
18862	5496	2	0
18862	5999	1	0
18363	5999	3	0
18363	5498	4	0
18363	5498	4	0
18363	5498	0	0
18864	5498	2	0
18864	6005	1	0
18376	6005	4	0
18376	6005	1	0
17887	6005	2	0
17887	6488	1	0
17394	6488	3	0
17394	5988	4	0
17394	5988	2	0
17394	6476	1	0
16901	6476	3	0
16901	5970	4	0
16901	5970	4	0
16901	5970	3	0
16901	5457	1	0
16410	5457	3	0
16410	4973	4	0
16410	4973	4	0
16410	4973	0	0
16909	4973	3	0
16909	4464	4	0
16909	4464	1	0
16412	4464	1	0
15913	4464	1	0
15414	4464	0	0
15912	4464	1	0
15416	4464	1	0
14919	4464	4	0
14919	4464	3	0
14919	3960	2	0
14919	4467	0	0
15402	4467	3	0
15402	3970	0	0
15904	3970	4	0
15904	3970	2	0
15904	4462	3	0
15904	3959	4	0
15904	3959	3	0
15904	3440	3	0
15904	2943	3	0
15904	2440