x	y	a	r
500	500	0	0
1506	500	4	0
1506	500	4	0
1506	500	1	0
529	500	0	0
1537	500	2	0
1537	1494	2	-1000
1537	2471	3	0
1537	1483	0	-1000
2507	1483	0	0
3517	1483	4	-1
3517	1483	2	-1
3517	2458	1	1
2497	2458	0	0
3511	2458	1	1
2504	2458	1	0
1513	2458	1	0
516	2458	0	0
1507	2458	0	0
2511	2458	0	0
3510	2458	4	1
3510	2458	1	1
2521	2458	0	0
3522	2458	1	1
2545	2458	4	0
2545	2458	3	0
2545	1450	4	0
2545	1450	3	0
2545	461	4	0
2545	461	4	0
2545	461	0	0
3530	461	4	0
3530	461	1	0
2534	461	1	0
1553	461	0	0
2543	461	4	0
2543	461	1	0
1548	461	1	0
575	461	0	0
1550	461	2	0
1550	1440	1	-1000
533	1440	3	0
533	452	2	0
533	1451	4	0
533	1451	0	0
1540	1451	4	-1000
1540	1451	3	-1000
1540	443	0	0
2500	443	0	0
3502	443	1	0
2482	443	0	0
3473	443	4	0
3473	443	2	0
3473	1449	1	-1
2466	1449	1	0
1475	1449	0	-1000
2491	1449	0	0
3480	1449	2	-1
3480	2437	3	1
3480	1432	3	-1
3480	433	1	0
2502	433	1	0
1505	433	2	0
1505	1405	1	-1000
501	1405	0	0
1499	1405	0	-1000
2476	1405	3	0
2476	404	2	0
2476	1370	3	0
2476	380	2	0
2476	1350	3	0
2476	363	0	0
3461	363	1	0
2470	363	0	0
3464	363	1	0
2444	363	4	0
2444	363	2	0
2444	1376	3	0
2444	364	2	0
2444	1353	2	0
2444	2345	3	0
2444	1362	3	0
2444	383	0	0
3428	383	2	0
3428	1373	1	-1
2420	1373	2	0
2420	2362	3	0
2420	1373	2	0
2420	2398	4	0
2420	2398	0	0
3399	2398	1	1
2411	2398	4	0
2411	2398	3	0
2411	1416	0	0
3398	1416	4	-1
3398	1416	4	-1
3398	1416	4	-1
3398	1416	3	-1
3398	429	4	0
3398	429	2	0
3398	1406	2	-1
3398	2403	4	1
3398	2403	3	1
3398	1417	1	-1
2395	1417	2	0
2395	2386	0	0
3400	2386	3	1
3400	1387	1	-1
2419	1387	4	0
2419	1387	2	0
2419	2375	3	0
2419	1401	1	0
1435	1401	2	-1000
1435	2399	0	0
2420	2399	1	0
1458	2399	0	0
2447	2399	4	0
2447	2399	0	0
3454	2399	1	1
2456	2399	3	0
2456	1427	2	0
2456	2416	3	0
2456	1433	4	0
2456	1433	2	0
2456	2429	4	0
2456	2429	3	0
2456	1416	0	0
3432	1416	2	-1
3432	2409	1	1
2422	2409	0	0
3406	2409	4	1
3406	2409	4	1
3406	2409	1	1
2396	2409	1	0
1391	2409	4	0
1391	2409	3	0
1391	1402	4	-1000
1391	1402	4	-1000
1391	1402	2	-1000
1391	2386	3	0
1391	1380	3	-1000
1391	382	2	0
1391	1383	4	-1000
1391	1383	4	-1000
1391	1383	4	-1000
1391	1383	3	-1000
1391	399	0	0
2376	399	0	0
3346	399	2	0
3346	1391	1	-1
2342	1391	4	0
2342	1391	4	0
2342	1391	4	0
2342	1391	2	0
2342	2364	3	0
2342	1363	3	0
2342	369	0	0
3318	369	4	0
3318	369	2	0
3318	1374	3	-1
3318	364	1	0
2319	364	4	0
2319	364	2	0
2319	1344	2	0
2319	2355	1	0
1313	2355	4	0
1313	2355	0	0
2297	2355	1	0
1312	2355	4	0
1312	2355	3	0
1312	1366	1	-1000
307	1366	0	0
1318	1366	4	-1000
1318	1366	3	-1000
1318	377	1	0
326	377	0	0
1301	377	2	0
1301	1371	3	-1000
1301	367	2	0
1301	1344	3	-1000
1301	335	0	0
2291	335	2	0
2291	1335	1	0
1283	1335	2	-1000
1283	2338	0	0
2294	2338	1	0
1295	2338	4	0
1295	2338	0	0
2285	2338	4	0
2285	2338	1	0
1283	2338	0	0
2290	2338	4	0
2290	2338	3	0
2290	1333	4	0
2290	1333	0	0
3284	1333	4	-1
3284	1333	3	-1
3284	326	1	0
2279	326	4	0
2279	326	4	0
2279	326	2	0
2279	1307	0	0
3261	1307	3	-1
3261	312	2	0
3261	1294	4	-1
3261	1294	4	-1
3261	1294	3	-1
3261	292	4	0
3261	292	1	0
2262	292	4	0
2262	292	1	0
1268	292	2	0
1268	1287	4	-1000
1268	1287	0	-1000
2260	1287	0	0
3255	1287	3	-1
3255	288	4	0
3255	288	1	0
2267	288	1	0
1268	288	1	0
264	288	4	0
264	288	2	0
264	1298	2	0
264	2289	4	0
264	2289	3	0
264	1307	2	0
264	2307	3	0
264	1281	0	0
1257	1281	1	-1000
270	1281	4	0
270	1281	2	0
270	2286	3	0
270	1305	4	0
270	1305	0	0
1264	1305	0	-1000
2221	1305	1	0
1218	1305	0	-1000
2228	1305	0	0
3220	1305	2	-1
3220	2281	1	1
2228	2281	1	0
1223	2281	1	0
230	2281	3	0
230	1292	2	0
230	2295	3	0
230	1311	0	0
1235	1311	4	-1000
1235	1311	4	-1000
1235	1311	1	-1000
253	1311	0	0
1271	1311	2	-1000
1271	2291	4	0
1271	2291	0	0
2277	2291	4	0
2277	2291	1	0
1286	2291	4	0
1286	2291	4	0
1286	2291	0	0
2294	2291	0	0
3302	2291	1	1
2304	2291	0	0
3303	2291	1	1
2306	2291	4	0
2306	2291	0	0
3299	2291	1	1
2304	2291	0	0
3313	2291	1	1
2334	2291	1	0
1324	2291	1	0
324	2291	3	0
324	1309	0	0
1337	1309	4	-1000
1337	1309	0	-1000
2353	1309	0	0
3316	1309	4	-1
3316	1309	1	-1
2299	1309	3	0
2299	329	2	0
2299	1323	1	0
1299	1323	1	-1000
319	1323	0	0
1313	1323	1	-1000
309	1323	0	0
1303	1323	1	-1000
307	1323	0	0
1296	1323	3	-1000
1296	331	4	0
1296	331	0	0
2296	331	4	0
2296	331	2	0
2296	1331	2	0
2296	2322	1	0
1303	2322	0	0
2285	2322	4	0
2285	2322	0	0
3289	2322	3	1
3289	1317	4	-1
3289	1317	2	-1
3289	2283	3	1
3289	1292	2	-1
3289	2273	1	1
2284	2273	4	0
2284	2273	4	0
2284	2273	4	0
2284	2273	4	0
2284	2273	1	0
1273	2273	3	0
1273	1266	1	-1000
292	1266	2	0
292	2254	3	0
292	1268	3	0
292	268	0	0
1285	268	0	0
2278	268	4	0
2278	268	1	0
1285	268	0	0
2294	268	2	0
2294	1244	1	0
1289	1244	2	-1000
1289	2241	4	0
1289	2241	4	0
1289	2241	0	0
2293	2241	3	0
2293	1242	3	0
2293	239	2	0
2293	1210	2	0
2293	2205	0	0
3275	2205	3	1
3275	1211	3	-1
3275	201	1	0
2275	201	4	0
2275	201	2	0
2275	1207	0	0
3272	1207	1	-1
2282	1207	4	0
2282	1207	2	0
2282	2236	4	0
2282	2236	4	0
2282	2236	0	0
3292	2236	1	1
2314	2236	0	0
3319	2236	4	1
3319	2236	1	1
2320	2236	4	0
2320	2236	4	0
2320	2236	4	0
2320	2236	0	0
3324	2236	3	1
3324	1233	3	-1
3324	248	2	0
3324	1253	1	-1
2327	1253	4	0
2327	1253	0	0
3320	1253	1	-1
2326	1253	1	0
1323	1253	0	-1000
2303	1253	2	0
2303	2267	0	0
3284	2267	1	1
2300	2267	3	0
2300	1303	3	0
2300	337	1	0
1322	337	1	0
327	337	0	0
1326	337	2	0
1326	1312	0	-1000
2321	1312	0	0
3300	1312	3	-1
3300	318	2	0
3300	1321	4	-1
3300	1321	4	-1
3300	1321	4	-1
3300	1321	4	-1
3300	1321	2	-1
3300	2324	3	1
3300	1335	2	-1
3300	2319	4	1
3300	2319	4	1
3300	2319	3	1
3300	1334	3	-1
3300	346	4	0
3300	346	2	0
3300	1364	2	-1
3300	2375	4	1
3300	2375	1	1
2298	2375	3	0
2298	1386	2	0
2298	2392	1	0
1305	2392	3	0
1305	1388	2	-1000
1305	2377	3	0
1305	1362	0	-1000
2301	1362	0	0
3309	1362	3	-1
3309	372	2	0
3309	1375	3	-1
3309	377	1	0
2313	377	1	0
1313	377	1	0
324	377	2	0
324	1404	4	0
324	1404	0	0
1314	1404	3	-1000
1314	424	4	0
1314	424	2	0
1314	1422	3	-1000
1314	404	0	0
2302	404	2	0
2302	1399	3	0
2302	399	2	0
2302	1388	2	0
2302	2376	3	0
2302	1356	2	0
2302	2366	3	0
2302	1394	2	0
2302	2374	0	0
3278	2374	4	1
3278	2374	1	1
2278	2374	0	0
3260	2374	3	1
3260	1395	2	-1
3260	2372	4	1
3260	2372	4	1
3260	2372	1	1
2274	2372	1	0
1296	2372	4	0
1296	2372	4	0
1296	2372	0	0
2288	2372	3	0
2288	1367	0	0
3296	1367	4	-1
3296	1367	3	-1
3296	378	2	0
3296	1394	3	-1
3296	411	2	0
3296	1426	4	-1
3296	1426	4	-1
3296	1426	2	-1
3296	2406	1	1
2305	2406	4	0
2305	2406	1	0
1318	2406	4	0
1318	2406	1	0
326	2406	0	0
1335	2406	1	0
320	2406	3	0
320	1404	2	0
320	2380	3	0
320	1411	2	0
320	2415	4	0
320	2415	3	0
320	1415	0	0
1321	1415	2	-1000
1321	2401	1	0
303	2401	0	0
1311	2401	1	0
340	2401	4	0
340	2401	4	0
340	2401	4	0
340	2401	4	0
340	2401	0	0
1327	2401	0	0
2348	2401	1	0
1363	2401	4	0
1363	2401	1	0
371	2401	4	0
371	2401	0	0
1370	2401	1	0
372	2401	3	0
372	1399	3	0
372	393	4	0
372	393	0	0
1378	393	1	0
398	393	4	0
398	393	0	0
1390	393	4	0
1390	393	4	0
1390	393	2	0
1390	1385	4	-1000
1390	1385	1	-1000
381	1385	3	0
381	403	0	0
1372	403	1	0
405	403	2	0
405	1397	3	0
405	396	2	0
405	1396	3	0
405	372	4	0
405	372	4	0
405	372	2	0
405	1381	0	0
1415	1381	3	-1000
1415	383	1	0
404	383	0	0
1420	383	4	0
1420	383	4	0
1420	383	4	0
1420	383	0	0
2438	383	2	0
2438	1387	0	0
3450	1387	1	-1
2450	1387	1	0
1465	1387	0	-1000
2489	1387	3	0
2489	383	0	0
3499	383	2	0
3499	1383	3	-1
3499	370	1	0
2491	370	2	0
2491	1363	2	0
2491	2375	3	0
2491	1374	1	0
1498	1374	3	-1000
1498	394	4	0
1498	394	4	0
1498	394	4	0
1498	394	4	0
1498	394	4	0
1498	394	1	0
488	394	4	0
488	394	4	0
488	394	0	0
1499	394	1	0
505	394	4	0
505	394	4	0
505	394	2	0
505	1378	0	0
1497	1378	0	-1000
2484	1378	4	0
2484	1378	1	0
1497	1378	1	-1000
503	1378	0	0
1497	1378	3	-1000
1497	392	1	0
500	392	4	0
500	392	4	0
500	392	0	0
1480	392	0	0
2472	392	1	0
1474	392	1	0
488	392	2	0
488	1377	4	0
488	1377	3	0
488	393	2	0
488	1378	0	0
1458	1378	4	-1000
1458	1378	3	-1000
1458	390	1	0
458	390	4	0
458	390	0	0
1462	390	1	0
461	390	2	0
461	1381	4	0
461	1381	4	0
461	1381	2	0
461	2385	0	0
1460	2385	1	0
487	2385	4	0
487	2385	3	0
487	1384	4	0
487	1384	0	0
1484	1384	3	-1000
1484	404	2	0
1484	1381	0	-1000
2467	1381	4	0
2467	1381	0	0
3428	1381	4	-1
3428	1381	3	-1
3428	390	4	0
3428	390	2	0
3428	1390	3	-1
3428	382	4	0
3428	382	1	0
2446	382	0	0
3453	382	2	0
3453	1358	3	-1
3453	351	1	0
2471	351	0	0
3471	351	2	0
3471	1320	3	-1
3471	321	4	0
3471	321	1	0
2482	321	4	0
2482	321	4	0
2482	321	4	0
2482	321	2	0
2482	1299	1	0
1485	1299	3	-1000
1485	293	4	0
1485	293	4	0
1485	293	1	0
522	293	4	0
522	293	0	0
1497	293	0	0
2485	293	0	0
3489	293	2	0
3489	1277	2	-1
3489	2259	1	1
2517	2259	3	0
2517	1257	4	0
2517	1257	2	0
2517	2239	4	0
2517	2239	3	0
2517	1249	0	0
3502	1249	2	-1
3502	2249	1	1
2513	2249	3	0
2513	1264	2	0
2513	2244	4	0
2513	2244	0	0
3484	2244	1	1
2490	2244	3	0
2490	1246	4	0
2490	1246	1	0
1515	1246	0	-1000
2529	1246	2	0
2529	2265	0	0
3532	2265	3	1
3532	1298	2	-1
3532	2296	1	1
2536	2296	3	0
2536	1303	3	0
2536	297	4	0
2536	297	1	0
1538	297	4	0
1538	297	0	0
2572	297	2	0
2572	1291	0	0
3556	1291	4	-1
3556	1291	3	-1
3556	293	2	0
3556	1276	3	-1
3556	291	2	0
3556	1291	2	-1
3556	2268	1	1
2555	2268	4	0
2555	2268	3	0
2555	1276	3	0
2555	259	1	0
1530	259	2	0
1530	1261	2	-1000
1530	2243	0	0
2528	2243	1	0
1536	2243	3	0
1536	1257	4	-1000
1536	1257	0	-1000
2543	1257	1	0
1541	1257	1	-1000
554	1257	0	0
1557	1257	1	-1000
546	1257	0	0
1542	1257	1	-1000
533	1257	0	0
1523	1257	2	-1000
1523	2237	1	0
539	2237	3	0
539	1240	3	0
539	256	0	0
1537	256	4	0
1537	256	0	0
2505	256	1	0
1500	256	4	0
1500	256	4	0
1500	256	0	0
2494	256	1	0
1500	256	0	0
2479	256	1	0
1473	256	2	0
1473	1229	0	-1000
2488	1229	4	0
2488	1229	4	0
2488	1229	3	0
2488	236	0	0
3467	236	2	0
3467	1224	4	-1
3467	1224	1	-1
2460	1224	3	0
2460	216	0	0
3434	216	2	0
3434	1216	4	-1
3434	1216	3	-1
3434	224	4	0
3434	224	4	0
3434	224	2	0
3434	1218	3	-1
3434	227	2	0
3434	1216	3	-1
3434	219	1	0
2447	219	1	0
1439	219	4	0
1439	219	1	0
438	219	4	0
438	219	0	0
1449	219	0	0
2438	219	2	0
2438	1222	3	0
2438	222	1	0
1445	222	1	0
467	222	0	0
1457	222	2	0
1457	1227	0	-1000
2443	1227	2	0
2443	2237	1	0
1456	2237	1	0
468	2237	0	0
1477	2237	0	0
2453	2237	4	0
2453	2237	1	0
1460	2237	3	0
1460	1227	4	-1000
1460	1227	3	-1000
1460	242	0	0
2447	242	4	0
2447	242	1	0
1448	242	1	0
450	242	0	0
1447	242	0	0
2450	242	0	0
3460	242	1	0
2464	242	0	0
3485	242	2	0
3485	1249	4	-1
3485	1249	2	-1
3485	2226	3	1
3485	1238	2	-1
3485	2207	3	1
3485	1224	3	-1
3485	229	1	0
2486	229	1	0
1492	229	1	0
473	229	0	0
1486	229	2	0
1486	1224	4	-1000
1486	1224	3	-1000
1486	230	0	0
2478	230	1	0
1453	230	0	0
2424	230	4	0
2424	230	2	0
2424	1212	3	0
2424	220	4	0
2424	220	2	0
2424	1218	1	0
1430	1218	0	-1000
2418	1218	1	0
1434	1218	4	-1000
1434	1218	0	-1000
2435	1218	4	0
2435	1218	1	0
1428	1218	3	-1000
1428	208	0	0
2424	208	4	0
2424	208	4	0
2424	208	2	0
2424	1204	1	0
1448	1204	0	-1000
2447	1204	2	0
2447	2189	1	0
1450	2189	1	0
456	2189	3	0
456	1197	4	0
456	1197	0	0
1455	1197	0	-1000
2437	1197	2	0
2437	2178	3	0
2437	1153	4	0
2437	1153	4	0
2437	1153	0	0
3443	1153	4	-1
3443	1153	1	-1
2428	1153	0	0
3434	1153	4	-1
3434	1153	4	-1
3434	1153	4	-1
3434	1153	4	-1
3434	1153	2	-1
3434	2131	4	1
3434	2131	1	1
2417	2131	1	0
1416	2131	1	0
418	2131	3	0
418	1127	3	0
418	121	4	0
418	121	2	0
418	1089	0	0
1414	1089	2	-1000
1414	2089	4	0
1414	2089	1	0
394	2089	3	0
394	1098	3	0
394	115	0	0
1374	115	1	0
373	115	0	0
1359	115	4	0
1359	115	0	0
2369	115	0	0
3368	115	4	0
3368	115	1	0
2380	115	0	0
3392	115	4	0
3392	115	1	0
2393	115	1	0
1398	115	0	0
2423	115	1	0
1429	115	1	0
446	115	2	0
446	1113	0	0
1428	1113	3	-1000
1428	119	0	0
2420	119	0	0
3417	119	2	0
3417	1127	2	-1
3417	2108	1	1
2427	2108	3	0
2427	1110	1	0
1430	1110	0	-1000
2411	1110	4	0
2411	1110	2	0
2411	2104	0	0
3408	2104	3	1
3408	1129	2	-1
3408	2130	4	1
3408	2130	1	1
2405	2130	0	0
3427	2130	4	1
3427	2130	3	1
3427	1145	4	-1
3427	1145	2	-1
3427	2136	1	1
2462	2136	1	0
1441	2136	0	0
2442	2136	3	0
2442	1152	1	0
1446	1152	3	-1000
1446	171	0	0
2432	171	2	0
2432	1152	1	0
1470	1152	0	-1000
2480	1152	2	0
2480	2105	1	0
1501	2105	1	0
510	2105	3	0
510	1140	3	0
510	139	2	0
510	1139	3	0
510	127	2	0
510	1124	3	0
510	134	0	0
1509	134	2	0
1509	1113	0	-1000
2498	1113	4	0
2498	1113	1	0
1497	1113	0	-1000
2513	1113	1	0
1501	1113	3	-1000
1501	102	1	0
514	102	4	0
514	102	0	0
1506	102	4	0
1506	102	4	0
1506	102	1	0
488	102	4	0
488	102	2	0
488	1088	0	0
1483	1088	2	-1000
1483	2055	0	0
2469	2055	3	0
2469	1060	2	0
2469	2076	0	0
3451	2076	3	1
3451	1074	3	-1
3451	58	4	0
3451	58	2	0
3451	1037	4	-1
3451	1037	3	-1
3451	22	4	0
3451	22	2	0
3451	1033	1	-1
2455	1033	2	0
2455	2038	0	0
3436	2038	1	1
2483	2038	4	0
2483	2038	1	0
1479	2038	3	0
1479	1032	4	-1000
1479	1032	4	-1000
1479	1032	4	-1000
1479	1032	0	-1000
2479	1032	2	0
2479	2028	4	0
2479	2028	4	0
2479	2028	3	0
2479	1019	0	0
3476	1019	1	-1
2474	1019	4	0
2474	1019	1	0
1485	1019	4	-1000
1485	1019	3	-1000
1485	29	0	0
2492	29	0	0
3493	29	1	0
2474	29	2	0
2474	1043	0	0
3475	1043	2	-1
3475	2031	1	1
2503	2031	0	0
3472	2031	3	1
3472	1035	3	-1
3472	36	2	0
3472	1033	1	-1
2493	1033	4	0
2493	1033	3	0
2493	28	2	0
2493	1025	0	0
3490	1025	1	-1
2489	1025	2	0
2489	2027	0	0
3489	2027	1	1
2507	2027	3	0
2507	1017	2	0
2507	2014	3	0
2507	1063	4	0
2507	1063	0	0
3482	1063	3	-1
3482	92	4	0
3482	92	1	0
2501	92	4	0
2501	92	4	0
2501	92	4	0
2501	92	4	0
2501	92	2	0
2501	1097	4	0
2501	1097	0	0
3465	1097	1	-1
2459	1097	1	0
1480	1097	0	-1000
2491	1097	4	0
2491	1097	4	0
2491	1097	2	0
2491	2096	1	0
1472	2096	0	0
2464	2096	1	0
1476	2096	1	0
487	2096	0	0
1517	2096	1	0
497	2096	4	0
497	2096	3	0
497	1107	2	0
497	2100	4	0
497	2100	3	0
497	1124	4	0
497	1124	4	0
497	1124	2	0
497	2125	3	0
497	1145	0	0
1502	1145	2	-1000
1502	2146	3	0
1502	1145	0	-1000
2516	1145	1	0
1511	1145	4	-1000
1511	1145	1	-1000
512	1145	0	0
1507	1145	2	-1000
1507	2129	4	0
1507	2129	4	0
1507	2129	4	0
1507	2129	1	0
497	2129	4	0
497	2129	3	0
497	1130	4	0
497	1130	0	0
1490	1130	2	-1000
1490	2123	1	0
522	2123	0	0
1516	2123	1	0
521	2123	0	0
1524	2123	4	0
1524	2123	1	0
527	2123	4	0
527	2123	4	0
527	2123	4	0
527	2123	0	0
1527	2123	3	0
1527	1130	2	-1000
1527	2122	4	0
1527	2122	1	0
553	2122	4	0
553	2122	4	0
553	2122	4	0
553	2122	4	0
553	2122	0	0
1570	2122	4	0
1570	2122	0	0
2557	2122	3	0
2557	1096	2	0
2557	2067	0	0
3562	2067	4	1
3562	2067	4	1
3562	2067	4	1
3562	2067	4	1
